<Qucs Dataset 0.0.17>
<indep frequency 300>
  +1.00000000000e+000
  +1.04728983824e+000
  +1.09681600527e+000
  +1.14868425674e+000
  +1.20300534942e+000
  +1.25989527780e+000
  +1.31947552168e+000
  +1.38187330565e+000
  +1.44722187074e+000
  +1.51566075890e+000
  +1.58733611101e+000
  +1.66240097893e+000
  +1.74101565230e+000
  +1.82334800087e+000
  +1.90957383288e+000
  +1.99987727054e+000
  +2.09445114315e+000
  +2.19349739891e+000
  +2.29722753607e+000
  +2.40586305464e+000
  +2.51963592932e+000
  +2.63878910483e+000
  +2.76357701474e+000
  +2.89426612472e+000
  +3.03113550157e+000
  +3.17447740911e+000
  +3.32459793227e+000
  +3.48181763069e+000
  +3.64647222321e+000
  +3.81891330478e+000
  +3.99950909720e+000
  +4.18864523544e+000
  +4.38672559105e+000
  +4.59417313464e+000
  +4.81143083900e+000
  +5.03896262507e+000
  +5.27725435248e+000
  +5.52681485714e+000
  +5.78817703770e+000
  +6.06189899350e+000
  +6.34856521631e+000
  +6.64878783842e+000
  +6.96320793976e+000
  +7.29249691684e+000
  +7.63735791638e+000
  +7.99852733680e+000
  +8.37677640068e+000
  +8.77291280161e+000
  +9.18778242886e+000
  +9.62227117368e+000
  +1.00773068209e+001
  +1.05538610304e+001
  +1.10529514113e+001
  +1.15756436955e+001
  +1.21230540134e+001
  +1.26963512766e+001
  +1.32967596747e+001
  +1.39255612887e+001
  +1.45840988294e+001
  +1.52737785039e+001
  +1.59960730186e+001
  +1.67525247241e+001
  +1.75447489083e+001
  +1.83744372461e+001
  +1.92433614112e+001
  +2.01533768594e+001
  +2.11064267910e+001
  +2.21045462997e+001
  +2.31498667185e+001
  +2.42446201708e+001
  +2.53911443368e+001
  +2.65918874451e+001
  +2.78494135008e+001
  +2.91664077602e+001
  +3.05456824652e+001
  +3.19901828478e+001
  +3.35029934198e+001
  +3.50873445590e+001
  +3.67466194074e+001
  +3.84843610949e+001
  +4.03042803057e+001
  +4.22102632016e+001
  +4.42063797203e+001
  +4.62968922663e+001
  +4.84862648124e+001
  +5.07791724321e+001
  +5.31805112821e+001
  +5.56954090580e+001
  +5.83292359429e+001
  +6.10876160751e+001
  +6.39764395575e+001
  +6.70018750351e+001
  +7.01703828670e+001
  +7.34887289218e+001
  +7.69639990247e+001
  +8.06036140886e+001
  +8.44153459601e+001
  +8.84073340153e+001
  +9.25881025397e+001
  +9.69665789315e+001
  +1.01552112763e+002
  +1.06354495749e+002
  +1.11383982648e+002
  +1.16651313170e+002
  +1.22167734900e+002
  +1.27945027321e+002
  +1.33995526966e+002
  +1.40332153761e+002
  +1.46968438611e+002
  +1.53918552299e+002
  +1.61197335739e+002
  +1.68820331670e+002
  +1.76803817846e+002
  +1.85164841791e+002
  +1.93921257207e+002
  +2.03091762090e+002
  +2.12695938667e+002
  +2.22754295200e+002
  +2.33288309786e+002
  +2.44320476219e+002
  +2.55874352017e+002
  +2.67974608733e+002
  +2.80647084631e+002
  +2.93918839865e+002
  +3.07818214257e+002
  +3.22374887815e+002
  +3.37619944111e+002
  +3.53585936654e+002
  +3.70306958401e+002
  +3.87818714561e+002
  +4.06158598838e+002
  +4.25365773275e+002
  +4.45481251884e+002
  +4.66547988223e+002
  +4.88610967116e+002
  +5.11717300711e+002
  +5.35916329085e+002
  +5.61259725595e+002
  +5.87801607227e+002
  +6.15598650148e+002
  +6.44710210732e+002
  +6.75198452307e+002
  +7.07128477894e+002
  +7.40568469226e+002
  +7.75589832339e+002
  +8.12267350048e+002
  +8.50679341636e+002
  +8.90907830093e+002
  +9.33038717262e+002
  +9.77161967270e+002
  +1.02337179863e+003
  +1.07176688545e+003
  +1.12245056809e+003
  +1.17553107388e+003
  +1.23112174820e+003
  +1.28934129653e+003
  +1.35031403787e+003
  +1.41417017029e+003
  +1.48104604888e+003
  +1.55108447695e+003
  +1.62443501096e+003
  +1.70125427985e+003
  +1.78170631955e+003
  +1.86596292318e+003
  +1.95420400797e+003
  +2.04661799939e+003
  +2.14340223351e+003
  +2.24476337841e+003
  +2.35091787546e+003
  +2.46209240149e+003
  +2.57852435288e+003
  +2.70046235242e+003
  +2.82816678023e+003
  +2.96191032977e+003
  +3.10197859014e+003
  +3.24867065588e+003
  +3.40229976568e+003
  +3.56319397123e+003
  +3.73169683773e+003
  +3.90816817754e+003
  +4.09298481845e+003
  +4.28654140842e+003
  +4.48925125822e+003
  +4.70154722402e+003
  +4.92388263171e+003
  +5.15673224485e+003
  +5.40059327854e+003
  +5.65598646107e+003
  +5.92345714588e+003
  +6.20357647610e+003
  +6.49694260415e+003
  +6.80418196893e+003
  +7.12595063357e+003
  +7.46293568631e+003
  +7.81585670768e+003
  +8.18546730707e+003
  +8.57255673191e+003
  +8.97795155303e+003
  +9.40251742967e+003
  +9.84716095793e+003
  +1.03128316067e+004
  +1.08005237452e+004
  +1.13112787659e+004
  +1.18461873090e+004
  +1.24063915906e+004
  +1.29930878420e+004
  +1.36075288642e+004
  +1.42510267030e+004
  +1.49249554505e+004
  +1.56307541795e+004
  +1.63699300161e+004
  +1.71440613585e+004
  +1.79548012469e+004
  +1.88038808934e+004
  +1.96931133791e+004
  +2.06243975251e+004
  +2.15997219478e+004
  +2.26211693047e+004
  +2.36909207418e+004
  +2.48112605514e+004
  +2.59845810493e+004
  +2.72133876838e+004
  +2.85003043852e+004
  +2.98480791692e+004
  +3.12595900048e+004
  +3.27378509595e+004
  +3.42860186356e+004
  +3.59073989106e+004
  +3.76054539966e+004
  +3.93838098329e+004
  +4.12462638290e+004
  +4.31967929733e+004
  +4.52395623254e+004
  +4.73789339096e+004
  +4.96194760300e+004
  +5.19659730249e+004
  +5.44234354830e+004
  +5.69971109433e+004
  +5.96924950997e+004
  +6.25153435369e+004
  +6.54716840200e+004
  +6.85678293664e+004
  +7.18103909254e+004
  +7.52062926959e+004
  +7.87627861119e+004
  +8.24874655261e+004
  +8.63882844274e+004
  +9.04735724235e+004
  +9.47520530281e+004
  +9.92328622883e+004
  +1.03925568294e+005
  +1.08840191607e+005
  +1.13987226662e+005
  +1.19377664171e+005
  +1.25023014599e+005
  +1.30935332735e+005
  +1.37127243440e+005
  +1.43611968600e+005
  +1.50403355364e+005
  +1.57515905709e+005
  +1.64964807410e+005
  +1.72765966467e+005
  +1.80936041074e+005
  +1.89492477187e+005
  +1.98453545781e+005
  +2.07838381858e+005
  +2.17667025315e+005
  +2.27960463732e+005
  +2.38740677186e+005
  +2.50030685191e+005
  +2.61854595847e+005
  +2.74237657326e+005
  +2.87206311780e+005
  +3.00788251804e+005
  +3.15012479576e+005
  +3.29909368777e+005
  +3.45510729459e+005
  +3.61849875964e+005
  +3.78961698064e+005
  +3.96882735464e+005
  +4.15651255823e+005
  +4.35307336473e+005
  +4.55892949998e+005
  +4.77452053857e+005
  +5.00030684249e+005
  +5.23677054420e+005
  +5.48441657612e+005
  +5.74377374883e+005
  +6.01539588027e+005
  +6.29986297838e+005
  +6.59778247954e+005
  +6.90979054572e+005
  +7.23655342287e+005
  +7.57876886363e+005
  +7.93716761722e+005
  +8.31251498989e+005
  +8.70561247910e+005
  +9.11729948498e+005
  +9.54845510278e+005
  +1.00000000000e+006
</indep>
<dep dBs12 frequency>
  -5.03708236141e+001
  -5.00903745790e+001
  -4.98179347106e+001
  -4.95537719857e+001
  -4.92981315240e+001
  -4.90512320540e+001
  -4.88132626353e+001
  -4.85843797379e+001
  -4.83647047730e+001
  -4.81543221561e+001
  -4.79532779719e+001
  -4.77615792862e+001
  -4.75791941319e+001
  -4.74060521680e+001
  -4.72420459901e+001
  -4.70870330464e+001
  -4.69408380931e+001
  -4.68032561085e+001
  -4.66740555719e+001
  -4.65529820077e+001
  -4.64397616934e+001
  -4.63341054327e+001
  -4.62357123015e+001
  -4.61442732849e+001
  -4.60594747354e+001
  -4.59810015942e+001
  -4.59085403335e+001
  -4.58417815888e+001
  -4.57804224632e+001
  -4.57241684969e+001
  -4.56727353026e+001
  -4.56258498778e+001
  -4.55832516068e+001
  -4.55446929725e+001
  -4.55099399980e+001
  -4.54787724419e+001
  -4.54509837681e+001
  -4.54263809141e+001
  -4.54047838777e+001
  -4.53860251443e+001
  -4.53699489713e+001
  -4.53564105510e+001
  -4.53452750675e+001
  -4.53364166671e+001
  -4.53297173588e+001
  -4.53250658657e+001
  -4.53223564468e+001
  -4.53214877125e+001
  -4.53223614569e+001
  -4.53248815348e+001
  -4.53289528104e+001
  -4.53344802071e+001
  -4.53413678858e+001
  -4.53495185812e+001
  -4.53588331182e+001
  -4.53692101307e+001
  -4.53805459925e+001
  -4.53927349702e+001
  -4.54056695905e+001
  -4.54192412117e+001
  -4.54333407738e+001
  -4.54478596981e+001
  -4.54626908946e+001
  -4.54777298333e+001
  -4.54928756329e+001
  -4.55080321178e+001
  -4.55231087994e+001
  -4.55380217441e+001
  -4.55526942933e+001
  -4.55670576157e+001
  -4.55810510766e+001
  -4.55946224229e+001
  -4.56077277857e+001
  -4.56203315179e+001
  -4.56324058809e+001
  -4.56439306077e+001
  -4.56548923643e+001
  -4.56652841388e+001
  -4.56751045804e+001
  -4.56843573152e+001
  -4.56930502569e+001
  -4.57011949320e+001
  -4.57088058329e+001
  -4.57158998102e+001
  -4.57224955120e+001
  -4.57286128741e+001
  -4.57342726654e+001
  -4.57394960861e+001
  -4.57443044198e+001
  -4.57487187347e+001
  -4.57527596320e+001
  -4.57564470363e+001
  -4.57598000233e+001
  -4.57628366821e+001
  -4.57655740047e+001
  -4.57680278008e+001
  -4.57702126325e+001
  -4.57721417653e+001
  -4.57738271321e+001
  -4.57752793068e+001
  -4.57765074854e+001
  -4.57775194705e+001
  -4.57783216586e+001
  -4.57789190274e+001
  -4.57793151217e+001
  -4.57795120358e+001
  -4.57795103918e+001
  -4.57793093117e+001
  -4.57789063831e+001
  -4.57782976167e+001
  -4.57774773949e+001
  -4.57764384107e+001
  -4.57751715959e+001
  -4.57736660379e+001
  -4.57719088835e+001
  -4.57698852298e+001
  -4.57675780012e+001
  -4.57649678104e+001
  -4.57620328041e+001
  -4.57587484914e+001
  -4.57550875539e+001
  -4.57510196377e+001
  -4.57465111241e+001
  -4.57415248808e+001
  -4.57360199901e+001
  -4.57299514545e+001
  -4.57232698796e+001
  -4.57159211315e+001
  -4.57078459700e+001
  -4.56989796570e+001
  -4.56892515394e+001
  -4.56785846078e+001
  -4.56668950310e+001
  -4.56540916682e+001
  -4.56400755617e+001
  -4.56247394110e+001
  -4.56079670346e+001
  -4.55896328227e+001
  -4.55696011883e+001
  -4.55477260235e+001
  -4.55238501713e+001
  -4.54978049234e+001
  -4.54694095578e+001
  -4.54384709315e+001
  -4.54047831449e+001
  -4.53681272990e+001
  -4.53282713665e+001
  -4.52849701999e+001
  -4.52379657034e+001
  -4.51869871945e+001
  -4.51317519813e+001
  -4.50719661841e+001
  -4.50073258241e+001
  -4.49375182032e+001
  -4.48622235912e+001
  -4.47811172327e+001
  -4.46938716772e+001
  -4.46001594272e+001
  -4.44996558864e+001
  -4.43920425778e+001
  -4.42770105910e+001
  -4.41542641987e+001
  -4.40235245748e+001
  -4.38845335299e+001
  -4.37370571748e+001
  -4.35808894115e+001
  -4.34158551535e+001
  -4.32418131754e+001
  -4.30586585017e+001
  -4.28663242551e+001
  -4.26647829025e+001
  -4.24540468554e+001
  -4.22341684064e+001
  -4.20052390045e+001
  -4.17673878990e+001
  -4.15207802018e+001
  -4.12656144360e+001
  -4.10021196578e+001
  -4.07305522441e+001
  -4.04511924480e+001
  -4.01643408215e+001
  -3.98703146045e+001
  -3.95694441683e+001
  -3.92620695936e+001
  -3.89485374494e+001
  -3.86291978263e+001
  -3.83044016639e+001
  -3.79744983987e+001
  -3.76398339467e+001
  -3.73007490237e+001
  -3.69575777996e+001
  -3.66106468717e+001
  -3.62602745410e+001
  -3.59067703670e+001
  -3.55504349793e+001
  -3.51915601178e+001
  -3.48304288756e+001
  -3.44673161215e+001
  -3.41024890742e+001
  -3.37362080082e+001
  -3.33687270682e+001
  -3.30002951731e+001
  -3.26311569923e+001
  -3.22615539766e+001
  -3.18917254293e+001
  -3.15219096036e+001
  -3.11523448120e+001
  -3.07832705350e+001
  -3.04149285167e+001
  -3.00475638318e+001
  -2.96814259118e+001
  -2.93167695141e+001
  -2.89538556174e+001
  -2.85929522254e+001
  -2.82343350596e+001
  -2.78782881190e+001
  -2.75251040831e+001
  -2.71750845360e+001
  -2.68285399824e+001
  -2.64857896331e+001
  -2.61471609312e+001
  -2.58129887969e+001
  -2.54836145678e+001
  -2.51593846170e+001
  -2.48406486383e+001
  -2.45277575924e+001
  -2.42210613191e+001
  -2.39209058323e+001
  -2.36276303233e+001
  -2.33415639159e+001
  -2.30630222264e+001
  -2.27923037969e+001
  -2.25296864833e+001
  -2.22754238880e+001
  -2.20297419346e+001
  -2.17928356869e+001
  -2.15648665113e+001
  -2.13459596769e+001
  -2.11362024768e+001
  -2.09356429369e+001
  -2.07442891613e+001
  -2.05621093394e+001
  -2.03890324168e+001
  -2.02249494075e+001
  -2.00697153032e+001
  -1.99231515153e+001
  -1.97850487679e+001
  -1.96551703517e+001
  -1.95332556379e+001
  -1.94190237530e+001
  -1.93121773170e+001
  -1.92124061529e+001
  -1.91193908885e+001
  -1.90328063801e+001
  -1.89523249034e+001
  -1.88776190699e+001
  -1.88083644404e+001
  -1.87442418199e+001
  -1.86849392288e+001
  -1.86301535556e+001
  -1.85795919027e+001
  -1.85329726448e+001
  -1.84900262210e+001
  -1.84504956864e+001
  -1.84141370499e+001
  -1.83807194256e+001
  -1.83500250227e+001
  -1.83218490009e+001
  -1.82959992138e+001
  -1.82722958621e+001
  -1.82505710761e+001
  -1.82306684452e+001
  -1.82124425078e+001
  -1.81957582174e+001
  -1.81804903932e+001
  -1.81665231657e+001
  -1.81537494246e+001
  -1.81420702759e+001
  -1.81313945113e+001
  -1.81216380954e+001
  -1.81127236724e+001
  -1.81045800948e+001
  -1.80971419753e+001
  -1.80903492620e+001
  -1.80841468388e+001
  -1.80784841487e+001
  -1.80733148414e+001
  -1.80685964441e+001
  -1.80642900544e+001
  -1.80603600541e+001
  -1.80567738447e+001
  -1.80535016006e+001
  -1.80505160426e+001
  -1.80477922265e+001
  -1.80453073498e+001
  -1.80430405724e+001
  -1.80409728517e+001
  -1.80390867911e+001
  -1.80373665007e+001
  -1.80357974685e+001
</dep>
<dep dBs11 frequency>
  -3.74382263183e+000
  -3.76446713859e+000
  -3.78589128070e+000
  -3.80805184124e+000
  -3.83089532790e+000
  -3.85435818836e+000
  -3.87836728597e+000
  -3.90284064274e+000
  -3.92768844431e+000
  -3.95281428885e+000
  -3.97811664835e+000
  -4.00349049941e+000
  -4.02882907005e+000
  -4.05402564276e+000
  -4.07897534969e+000
  -4.10357689697e+000
  -4.12773415879e+000
  -4.15135758973e+000
  -4.17436541413e+000
  -4.19668456367e+000
  -4.21825134722e+000
  -4.23901185040e+000
  -4.25892207388e+000
  -4.27794783013e+000
  -4.29606442602e+000
  -4.31325616462e+000
  -4.32951570233e+000
  -4.34484329876e+000
  -4.35924599531e+000
  -4.37273675618e+000
  -4.38533360132e+000
  -4.39705875709e+000
  -4.40793784492e+000
  -4.41799912431e+000
  -4.42727280153e+000
  -4.43579041175e+000
  -4.44358427861e+000
  -4.45068705242e+000
  -4.45713132583e+000
  -4.46294932399e+000
  -4.46817266462e+000
  -4.47283218264e+000
  -4.47695781324e+000
  -4.48057852656e+000
  -4.48372230712e+000
  -4.48641617093e+000
  -4.48868621280e+000
  -4.49055767677e+000
  -4.49205504236e+000
  -4.49320211953e+000
  -4.49402214550e+000
  -4.49453787699e+000
  -4.49477167179e+000
  -4.49474555464e+000
  -4.49448126292e+000
  -4.49400026911e+000
  -4.49332377804e+000
  -4.49247269853e+000
  -4.49146759036e+000
  -4.49032858900e+000
  -4.48907531192e+000
  -4.48772675116e+000
  -4.48630115779e+000
  -4.48481592435e+000
  -4.48328747109e+000
  -4.48173114193e+000
  -4.48016111481e+000
  -4.47859033062e+000
  -4.47703044339e+000
  -4.47549179339e+000
  -4.47398340336e+000
  -4.47251299709e+000
  -4.47108703869e+000
  -4.46971078982e+000
  -4.46838838191e+000
  -4.46712290017e+000
  -4.46591647574e+000
  -4.46477038291e+000
  -4.46368513834e+000
  -4.46266059954e+000
  -4.46169606051e+000
  -4.46079034265e+000
  -4.45994187969e+000
  -4.45914879572e+000
  -4.45840897559e+000
  -4.45772012778e+000
  -4.45707983945e+000
  -4.45648562409e+000
  -4.45593496211e+000
  -4.45542533490e+000
  -4.45495425282e+000
  -4.45451927789e+000
  -4.45411804166e+000
  -4.45374825887e+000
  -4.45340773750e+000
  -4.45309438574e+000
  -4.45280621636e+000
  -4.45254134881e+000
  -4.45229800969e+000
  -4.45207453165e+000
  -4.45186935116e+000
  -4.45168100548e+000
  -4.45150812881e+000
  -4.45134944808e+000
  -4.45120377834e+000
  -4.45107001789e+000
  -4.45094714343e+000
  -4.45083420499e+000
  -4.45073032108e+000
  -4.45063467380e+000
  -4.45054650409e+000
  -4.45046510715e+000
  -4.45038982798e+000
  -4.45032005711e+000
  -4.45025522654e+000
  -4.45019480578e+000
  -4.45013829809e+000
  -4.45008523691e+000
  -4.45003518241e+000
  -4.44998771817e+000
  -4.44994244802e+000
  -4.44989899297e+000
  -4.44985698821e+000
  -4.44981608025e+000
  -4.44977592405e+000
  -4.44973618026e+000
  -4.44969651240e+000
  -4.44965658414e+000
  -4.44961605651e+000
  -4.44957458503e+000
  -4.44953181691e+000
  -4.44948738801e+000
  -4.44944091983e+000
  -4.44939201630e+000
  -4.44934026040e+000
  -4.44928521069e+000
  -4.44922639750e+000
  -4.44916331900e+000
  -4.44909543689e+000
  -4.44902217187e+000
  -4.44894289868e+000
  -4.44885694080e+000
  -4.44876356471e+000
  -4.44866197365e+000
  -4.44855130085e+000
  -4.44843060218e+000
  -4.44829884813e+000
  -4.44815491507e+000
  -4.44799757577e+000
  -4.44782548894e+000
  -4.44763718796e+000
  -4.44743106840e+000
  -4.44720537455e+000
  -4.44695818457e+000
  -4.44668739431e+000
  -4.44639069960e+000
  -4.44606557693e+000
  -4.44570926227e+000
  -4.44531872795e+000
  -4.44489065738e+000
  -4.44442141740e+000
  -4.44390702813e+000
  -4.44334312994e+000
  -4.44272494743e+000
  -4.44204725016e+000
  -4.44130430964e+000
  -4.44048985262e+000
  -4.43959700995e+000
  -4.43861826104e+000
  -4.43754537325e+000
  -4.43636933601e+000
  -4.43508028913e+000
  -4.43366744495e+000
  -4.43211900384e+000
  -4.43042206256e+000
  -4.42856251501e+000
  -4.42652494497e+000
  -4.42429251011e+000
  -4.42184681712e+000
  -4.41916778717e+000
  -4.41623351150e+000
  -4.41302009666e+000
  -4.40950149911e+000
  -4.40564934900e+000
  -4.40143276298e+000
  -4.39681814618e+000
  -4.39176898360e+000
  -4.38624562152e+000
  -4.38020503961e+000
  -4.37360061523e+000
  -4.36638188135e+000
  -4.35849428056e+000
  -4.34987891780e+000
  -4.34047231576e+000
  -4.33020617712e+000
  -4.31900715944e+000
  -4.30679666903e+000
  -4.29349068195e+000
  -4.27899960121e+000
  -4.26322816089e+000
  -4.24607538970e+000
  -4.22743464766e+000
  -4.20719375159e+000
  -4.18523520649e+000
  -4.16143656123e+000
  -4.13567090808e+000
  -4.10780754636e+000
  -4.07771283029e+000
  -4.04525122067e+000
  -4.01028655805e+000
  -3.97268357221e+000
  -3.93230963823e+000
  -3.88903678373e+000
  -3.84274394382e+000
  -3.79331945098e+000
  -3.74066373582e+000
  -3.68469220187e+000
  -3.62533822370e+000
  -3.56255620310e+000
  -3.49632460378e+000
  -3.42664887149e+000
  -3.35356413572e+000
  -3.27713758084e+000
  -3.19747037133e+000
  -3.11469901755e+000
  -3.02899607680e+000
  -2.94057009918e+000
  -2.84966474900e+000
  -2.75655706024e+000
  -2.66155481689e+000
  -2.56499308475e+000
  -2.46722995863e+000
  -2.36864162500e+000
  -2.26961687320e+000
  -2.17055121560e+000
  -2.07184079671e+000
  -1.97387628259e+000
  -1.87703692219e+000
  -1.78168496402e+000
  -1.68816059333e+000
  -1.59677752878e+000
  -1.50781938608e+000
  -1.42153688004e+000
  -1.33814589919e+000
  -1.25782645113e+000
  -1.18072244325e+000
  -1.10694223492e+000
  -1.03655987443e+000
  -9.69616918082e-001
  -9.06124718807e-001
  -8.46067069085e-001
  -7.89403084899e-001
  -7.36070224804e-001
  -6.85987348649e-001
  -6.39057733491e-001
  -5.95171978440e-001
  -5.54210744742e-001
  -5.16047291505e-001
  -4.80549780469e-001
  -4.47583334850e-001
  -4.17011847082e-001
  -3.88699538450e-001
  -3.62512279876e-001
  -3.38318687876e-001
  -3.15991012899e-001
  -2.95405839284e-001
  -2.76444616973e-001
  -2.58994045224e-001
  -2.42946328062e-001
  -2.28199320149e-001
  -2.14656580476e-001
  -2.02227349755e-001
  -1.90826465769e-001
  -1.80374229329e-001
  -1.70796231887e-001
  -1.62023154364e-001
  -1.53990545329e-001
  -1.46638585413e-001
  -1.39911843669e-001
  -1.33759030578e-001
  -1.28132751512e-001
  -1.22989263678e-001
  -1.18288238911e-001
  -1.13992534104e-001
  -1.10067970606e-001
  -1.06483123510e-001
  -1.03209121424e-001
  -1.00219457056e-001
  -9.74898087340e-002
  -9.49978727996e-002
  -9.27232066911e-002
  -9.06470824235e-002
  -8.87523501025e-002
  -8.70233110527e-002
  -8.54456001030e-002
  -8.40060765539e-002
  -8.26927233377e-002
  -8.14945538820e-002
  -8.04015261926e-002
  -7.94044636841e-002
</dep>
<dep dBs21 frequency>
  -5.15661296096e+000
  -4.87523521150e+000
  -4.60184154059e+000
  -4.33670004069e+000
  -4.08005562296e+000
  -3.83212641906e+000
  -3.59310044240e+000
  -3.36313260977e+000
  -3.14234221839e+000
  -2.93081096116e+000
  -2.72858154758e+000
  -2.53565697739e+000
  -2.35200049142e+000
  -2.17753620009e+000
  -2.01215036553e+000
  -1.85569329109e+000
  -1.70798175167e+000
  -1.56880188253e+000
  -1.43791243283e+000
  -1.31504828365e+000
  -1.19992412870e+000
  -1.09223821917e+000
  -9.91676081046e-001
  -8.97914123409e-001
  -8.10623068415e-001
  -7.29471147389e-001
  -6.54127021159e-001
  -5.84262396408e-001
  -5.19554322332e-001
  -4.59687163064e-001
  -4.04354250804e-001
  -3.53259232328e-001
  -3.06117127453e-001
  -2.62655122313e-001
  -2.22613123008e-001
  -1.85744096612e-001
  -1.51814226844e-001
  -1.20602911115e-001
  -9.19026244617e-002
  -6.55186741262e-002
  -4.12688665047e-002
  -1.89831059562e-002
  +1.49705736042e-003
  +2.03189157633e-002
  +3.76191158206e-002
  +5.35241831322e-002
  +6.81510516120e-002
  +8.16075905601e-002
  +9.39931244376e-002
  +1.05398941662e-001
  +1.15908789946e-001
  +1.25599356701e-001
  +1.34540733780e-001
  +1.42796866426e-001
  +1.50425986617e-001
  +1.57481031197e-001
  +1.64010045160e-001
  +1.70056570332e-001
  +1.75660019467e-001
  +1.80856035452e-001
  +1.85676835056e-001
  +1.90151536350e-001
  +1.94306468738e-001
  +1.98165464438e-001
  +2.01750130262e-001
  +2.05080098673e-001
  +2.08173257341e-001
  +2.11045956770e-001
  +2.13713195928e-001
  +2.16188786268e-001
  +2.18485494910e-001
  +2.20615168158e-001
  +2.22588836802e-001
  +2.24416804935e-001
  +2.26108724115e-001
  +2.27673654810e-001
  +2.29120117002e-001
  +2.30456131792e-001
  +2.31689255666e-001
  +2.32826608950e-001
  +2.33874899754e-001
  +2.34840444540e-001
  +2.35729186217e-001
  +2.36546710509e-001
  +2.37298261159e-001
  +2.37988754386e-001
  +2.38622792893e-001
  +2.39204679630e-001
  +2.39738431409e-001
  +2.40227792439e-001
  +2.40676247785e-001
  +2.41087036719e-001
  +2.41463165942e-001
  +2.41807422592e-001
  +2.42122387012e-001
  +2.42410445202e-001
  +2.42673800900e-001
  +2.42914487266e-001
  +2.43134378105e-001
  +2.43335198612e-001
  +2.43518535622e-001
  +2.43685847333e-001
  +2.43838472507e-001
  +2.43977639147e-001
  +2.44104472645e-001
  +2.44220003419e-001
  +2.44325174044e-001
  +2.44420845898e-001
  +2.44507805334e-001
  +2.44586769399e-001
  +2.44658391125e-001
  +2.44723264401e-001
  +2.44781928461e-001
  +2.44834871991e-001
  +2.44882536897e-001
  +2.44925321727e-001
  +2.44963584794e-001
  +2.44997646987e-001
  +2.45027794317e-001
  +2.45054280189e-001
  +2.45077327425e-001
  +2.45097130054e-001
  +2.45113854866e-001
  +2.45127642761e-001
  +2.45138609881e-001
  +2.45146848549e-001
  +2.45152428007e-001
  +2.45155394969e-001
  +2.45155773990e-001
  +2.45153567647e-001
  +2.45148756538e-001
  +2.45141299099e-001
  +2.45131131233e-001
  +2.45118165748e-001
  +2.45102291604e-001
  +2.45083372958e-001
  +2.45061247992e-001
  +2.45035727526e-001
  +2.45006593402e-001
  +2.44973596615e-001
  +2.44936455182e-001
  +2.44894851737e-001
  +2.44848430815e-001
  +2.44796795821e-001
  +2.44739505645e-001
  +2.44676070893e-001
  +2.44605949717e-001
  +2.44528543190e-001
  +2.44443190201e-001
  +2.44349161816e-001
  +2.44245655068e-001
  +2.44131786116e-001
  +2.44006582712e-001
  +2.43868975927e-001
  +2.43717791049e-001
  +2.43551737589e-001
  +2.43369398302e-001
  +2.43169217143e-001
  +2.42949486041e-001
  +2.42708330395e-001
  +2.42443693163e-001
  +2.42153317415e-001
  +2.41834727203e-001
  +2.41485206595e-001
  +2.41101776691e-001
  +2.40681170447e-001
  +2.40219805081e-001
  +2.39713751859e-001
  +2.39158702998e-001
  +2.38549935429e-001
  +2.37882271130e-001
  +2.37150033706e-001
  +2.36347000885e-001
  +2.35466352542e-001
  +2.34500613870e-001
  +2.33441593234e-001
  +2.32280314260e-001
  +2.31006941631e-001
  +2.29610700054e-001
  +2.28079785795e-001
  +2.26401270155e-001
  +2.24560994202e-001
  +2.22543454039e-001
  +2.20331675824e-001
  +2.17907079739e-001
  +2.15249332026e-001
  +2.12336184196e-001
  +2.09143298442e-001
  +2.05644058290e-001
  +2.01809363461e-001
  +1.97607407906e-001
  +1.93003439986e-001
  +1.87959503746e-001
  +1.82434160290e-001
  +1.76382188302e-001
  +1.69754262846e-001
  +1.62496611698e-001
  +1.54550648645e-001
  +1.45852583382e-001
  +1.36333007966e-001
  +1.25916460096e-001
  +1.14520963995e-001
  +1.02057550186e-001
  +8.84297561324e-002
  +7.35331105230e-002
  +5.72546049031e-002
  +3.94721574735e-002
  +2.00540751340e-002
  -1.14147870420e-003
  -2.42670013883e-002
  -4.94861424328e-002
  -7.69741561611e-002
  -1.06918300582e-001
  -1.39518165318e-001
  -1.74985909168e-001
  -2.13546385738e-001
  -2.55437133524e-001
  -3.00908205116e-001
  -3.50221808914e-001
  -4.03651736071e-001
  -4.61482545580e-001
  -5.24008481664e-001
  -5.91532100150e-001
  -6.64362584500e-001
  -7.42813737866e-001
  -8.27201644904e-001
  -9.17842006301e-001
  -1.01504715981e+000
  -1.11912281383e+000
  -1.23036453293e+000
  -1.34905402824e+000
  -1.47545531933e+000
  -1.60981084614e+000
  -1.75233762000e+000
  -1.90322350975e+000
  -2.06262376257e+000
  -2.23065785764e+000
  -2.40740678522e+000
  -2.59291083247e+000
  -2.78716794189e+000
  -2.99013268917e+000
  -3.20171590455e+000
  -3.42178493874e+000
  -3.65016455021e+000
  -3.88663836860e+000
  -4.13095086967e+000
  -4.38280978105e+000
  -4.64188882763e+000
  -4.90783071888e+000
  -5.18025027993e+000
  -5.45873763147e+000
  -5.74286133177e+000
  -6.03217140495e+000
  -6.32620219309e+000
  -6.62447498480e+000
  -6.92650038816e+000
  -7.23178043126e+000
  -7.53981038809e+000
  -7.85008034070e+000
  -8.16207650016e+000
  -8.47528231874e+000
  -8.78917943378e+000
  -9.10324848967e+000
  -9.41696988887e+000
  -9.72982452510e+000
  -1.00412945525e+001
  -1.03508642432e+001
  -1.06580209834e+001
  -1.09622564519e+001
  -1.12630680194e+001
  -1.15599603978e+001
  -1.18524475587e+001
  -1.21400549267e+001
  -1.24223218416e+001
  -1.26988042668e+001
  -1.29690777075e+001
  -1.32327402843e+001
  -1.34894158979e+001
  -1.37387574023e+001
  -1.39804496983e+001
  -1.42142126499e+001
  -1.44398037257e+001
  -1.46570202686e+001
  -1.48657013060e+001
  -1.50657288251e+001
  -1.52570284535e+001
  -1.54395695088e+001
  -1.56133644011e+001
  -1.57784673974e+001
  -1.59349727800e+001
  -1.60830124529e+001
  -1.62227530670e+001
  -1.63543927508e+001
  -1.64781575403e+001
  -1.65942976088e+001
  -1.67030833937e+001
  -1.68048017163e+001
  -1.68997519787e+001
  -1.69882425134e+001
  -1.70705871477e+001
</dep>
<dep dBs22 frequency>
  -1.94504942529e-001
  -2.07751280992e-001
  -2.21506543741e-001
  -2.35738831778e-001
  -2.50409815931e-001
  -2.65474939559e-001
  -2.80883794460e-001
  -2.96580670924e-001
  -3.12505274601e-001
  -3.28593594260e-001
  -3.44778896302e-001
  -3.60992814600e-001
  -3.77166498598e-001
  -3.93231779101e-001
  -4.09122310051e-001
  -4.24774646075e-001
  -4.40129219420e-001
  -4.55131185809e-001
  -4.69731116219e-001
  -4.83885519884e-001
  -4.97557192479e-001
  -5.10715391570e-001
  -5.23335848749e-001
  -5.35400633785e-001
  -5.46897890583e-001
  -5.57821467498e-001
  -5.68170465836e-001
  -5.77948730187e-001
  -5.87164302988e-001
  -5.95828863559e-001
  -6.03957169134e-001
  -6.11566512435e-001
  -6.18676207188e-001
  -6.25307110053e-001
  -6.31481184660e-001
  -6.37221111051e-001
  -6.42549941774e-001
  -6.47490804223e-001
  -6.52066647553e-001
  -6.56300031534e-001
  -6.60212954098e-001
  -6.63826713949e-001
  -6.67161804437e-001
  -6.70237834895e-001
  -6.73073475775e-001
  -6.75686424114e-001
  -6.78093386159e-001
  -6.80310074255e-001
  -6.82351215472e-001
  -6.84230569703e-001
  -6.85960955345e-001
  -6.87554280896e-001
  -6.89021581111e-001
  -6.90373056545e-001
  -6.91618115550e-001
  -6.92765417895e-001
  -6.93822919369e-001
  -6.94797916786e-001
  -6.95697092900e-001
  -6.96526560805e-001
  -6.97291907430e-001
  -6.97998235778e-001
  -6.98650205603e-001
  -6.99252072223e-001
  -6.99807723264e-001
  -7.00320713095e-001
  -7.00794294841e-001
  -7.01231449855e-001
  -7.01634914627e-001
  -7.02007205125e-001
  -7.02350638648e-001
  -7.02667353294e-001
  -7.02959325191e-001
  -7.03228383669e-001
  -7.03476224560e-001
  -7.03704421836e-001
  -7.03914437784e-001
  -7.04107631919e-001
  -7.04285268811e-001
  -7.04448525008e-001
  -7.04598495187e-001
  -7.04736197682e-001
  -7.04862579481e-001
  -7.04978520800e-001
  -7.05084839289e-001
  -7.05182293954e-001
  -7.05271588811e-001
  -7.05353376337e-001
  -7.05428260725e-001
  -7.05496800959e-001
  -7.05559513749e-001
  -7.05616876301e-001
  -7.05669328960e-001
  -7.05717277705e-001
  -7.05761096527e-001
  -7.05801129666e-001
  -7.05837693731e-001
  -7.05871079697e-001
  -7.05901554778e-001
  -7.05929364195e-001
  -7.05954732819e-001
  -7.05977866719e-001
  -7.05998954599e-001
  -7.06018169132e-001
  -7.06035668212e-001
  -7.06051596100e-001
  -7.06066084496e-001
  -7.06079253521e-001
  -7.06091212633e-001
  -7.06102061454e-001
  -7.06111890547e-001
  -7.06120782114e-001
  -7.06128810644e-001
  -7.06136043500e-001
  -7.06142541453e-001
  -7.06148359164e-001
  -7.06153545630e-001
  -7.06158144571e-001
  -7.06162194788e-001
  -7.06165730477e-001
  -7.06168781505e-001
  -7.06171373658e-001
  -7.06173528849e-001
  -7.06175265296e-001
  -7.06176597673e-001
  -7.06177537229e-001
  -7.06178091881e-001
  -7.06178266275e-001
  -7.06178061825e-001
  -7.06177476722e-001
  -7.06176505913e-001
  -7.06175141064e-001
  -7.06173370479e-001
  -7.06171179003e-001
  -7.06168547892e-001
  -7.06165454652e-001
  -7.06161872844e-001
  -7.06157771862e-001
  -7.06153116668e-001
  -7.06147867495e-001
  -7.06141979507e-001
  -7.06135402417e-001
  -7.06128080056e-001
  -7.06119949899e-001
  -7.06110942528e-001
  -7.06100981044e-001
  -7.06089980409e-001
  -7.06077846726e-001
  -7.06064476439e-001
  -7.06049755453e-001
  -7.06033558162e-001
  -7.06015746388e-001
  -7.05996168202e-001
  -7.05974656643e-001
  -7.05951028294e-001
  -7.05925081737e-001
  -7.05896595845e-001
  -7.05865327914e-001
  -7.05831011615e-001
  -7.05793354746e-001
  -7.05752036772e-001
  -7.05706706132e-001
  -7.05656977284e-001
  -7.05602427474e-001
  -7.05542593198e-001
  -7.05476966336e-001
  -7.05404989916e-001
  -7.05326053488e-001
  -7.05239488062e-001
  -7.05144560587e-001
  -7.05040467910e-001
  -7.04926330190e-001
  -7.04801183708e-001
  -7.04663973030e-001
  -7.04513542459e-001
  -7.04348626738e-001
  -7.04167840914e-001
  -7.03969669334e-001
  -7.03752453680e-001
  -7.03514379979e-001
  -7.03253464529e-001
  -7.02967538648e-001
  -7.02654232188e-001
  -7.02310955729e-001
  -7.01934881381e-001
  -7.01522922134e-001
  -7.01071709674e-001
  -7.00577570630e-001
  -7.00036501187e-001
  -6.99444140044e-001
  -6.98795739717e-001
  -6.98086136182e-001
  -6.97309716928e-001
  -6.96460387494e-001
  -6.95531536650e-001
  -6.94516000394e-001
  -6.93406025075e-001
  -6.92193229977e-001
  -6.90868569850e-001
  -6.89422297963e-001
  -6.87843930427e-001
  -6.86122212662e-001
  -6.84245089096e-001
  -6.82199677378e-001
  -6.79972248607e-001
  -6.77548215343e-001
  -6.74912129414e-001
  -6.72047691805e-001
  -6.68937777213e-001
  -6.65564476077e-001
  -6.61909157162e-001
  -6.57952553959e-001
  -6.53674878257e-001
  -6.49055964314e-001
  -6.44075446858e-001
  -6.38712975937e-001
  -6.32948471046e-001
  -6.26762416236e-001
  -6.20136196833e-001
  -6.13052476971e-001
  -6.05495615447e-001
  -5.97452115304e-001
  -5.88911100185e-001
  -5.79864807879e-001
  -5.70309088768e-001
  -5.60243894141e-001
  -5.49673736887e-001
  -5.38608105024e-001
  -5.27061807204e-001
  -5.15055228955e-001
  -5.02614479255e-001
  -4.89771409176e-001
  -4.76563487994e-001
  -4.63033527132e-001
  -4.49229248581e-001
  -4.35202701562e-001
  -4.21009538837e-001
  -4.06708171569e-001
  -3.92358828516e-001
  -3.78022550930e-001
  -3.63760158388e-001
  -3.49631222582e-001
  -3.35693085571e-001
  -3.21999956328e-001
  -3.08602114748e-001
  -2.95545246081e-001
  -2.82869921529e-001
  -2.70611233128e-001
  -2.58798583554e-001
  -2.47455624666e-001
  -2.36600332882e-001
  -2.26245205031e-001
  -2.16397555334e-001
  -2.07059892594e-001
  -1.98230356386e-001
  -1.89903191840e-001
  -1.82069244301e-001
  -1.74716457351e-001
  -1.67830360360e-001
  -1.61394534406e-001
  -1.55391048143e-001
  -1.49800857707e-001
  -1.44604167001e-001
  -1.39780746620e-001
  -1.35310211305e-001
  -1.31172257011e-001
  -1.27346859669e-001
  -1.23814438337e-001
  -1.20555985879e-001
  -1.17553170500e-001
  -1.14788411557e-001
  -1.12244932967e-001
  -1.09906797405e-001
  -1.07758924251e-001
  -1.05787094023e-001
  -1.03977941728e-001
  -1.02318941313e-001
  -1.00798383124e-001
  -9.94053460190e-002
  -9.81296655379e-002
  -9.69618993355e-002
  -9.58932908597e-002
  -9.49157321022e-002
  -9.40217260879e-002
  -9.32043496380e-002
  -9.24572168276e-002
  -9.17744434619e-002
  -9.11506128142e-002
  -9.05807427976e-002
  -9.00602546906e-002
  -8.95849434862e-002
  -8.91509499003e-002
  -8.87547340427e-002
  -8.83930507331e-002
  -8.80629264243e-002
  -8.77616376836e-002
  -8.74866911704e-002
  -8.72358050448e-002
  -8.70068917345e-002
  -8.67980419869e-002
</dep>
<dep rollet frequency>
  +7.91071522459e+000
  +7.90981178237e+000
  +7.90893381091e+000
  +7.90808811029e+000
  +7.90728152842e+000
  +7.90652090429e+000
  +7.90581302004e+000
  +7.90516456422e+000
  +7.90458210774e+000
  +7.90407209342e+000
  +7.90364083953e+000
  +7.90329455709e+000
  +7.90303938029e+000
  +7.90288140869e+000
  +7.90282675996e+000
  +7.90288163143e+000
  +7.90305236867e+000
  +7.90334553940e+000
  +7.90376801101e+000
  +7.90432703002e+000
  +7.90503030205e+000
  +7.90588607081e+000
  +7.90690319490e+000
  +7.90809122112e+000
  +7.90946045314e+000
  +7.91102201419e+000
  +7.91278790260e+000
  +7.91477103864e+000
  +7.91698530112e+000
  +7.91944555192e+000
  +7.92216764628e+000
  +7.92516842664e+000
  +7.92846569723e+000
  +7.93207817655e+000
  +7.93602542448e+000
  +7.94032774066e+000
  +7.94500603057e+000
  +7.95008163573e+000
  +7.95557612473e+000
  +7.96151104202e+000
  +7.96790761197e+000
  +7.97478639698e+000
  +7.98216690913e+000
  +7.99006717700e+000
  +7.99850327098e+000
  +8.00748879292e+000
  +8.01703433863e+000
  +8.02714694462e+000
  +8.03782953367e+000
  +8.04908037654e+000
  +8.06089258998e+000
  +8.07325369310e+000
  +8.08614524561e+000
  +8.09954259120e+000
  +8.11341472827e+000
  +8.12772432741e+000
  +8.14242791030e+000
  +8.15747619923e+000
  +8.17281463866e+000
  +8.18838408267e+000
  +8.20412163314e+000
  +8.21996160580e+000
  +8.23583659352e+000
  +8.25167859088e+000
  +8.26742014005e+000
  +8.28299545684e+000
  +8.29834149704e+000
  +8.31339892659e+000
  +8.32811296505e+000
  +8.34243407876e+000
  +8.35631850862e+000
  +8.36972862559e+000
  +8.38263311539e+000
  +8.39500700097e+000
  +8.40683151738e+000
  +8.41809385839e+000
  +8.42878681658e+000
  +8.43890834050e+000
  +8.44846103226e+000
  +8.45745160755e+000
  +8.46589033836e+000
  +8.47379049578e+000
  +8.48116780745e+000
  +8.48803994114e+000
  +8.49442602288e+000
  +8.50034619548e+000
  +8.50582122092e+000
  +8.51087212763e+000
  +8.51551990265e+000
  +8.51978522675e+000
  +8.52368825008e+000
  +8.52724840492e+000
  +8.53048425199e+000
  +8.53341335630e+000
  +8.53605218873e+000
  +8.53841604944e+000
  +8.54051900942e+000
  +8.54237386688e+000
  +8.54399211519e+000
  +8.54538391953e+000
  +8.54655809973e+000
  +8.54752211687e+000
  +8.54828206168e+000
  +8.54884264281e+000
  +8.54920717347e+000
  +8.54937755491e+000
  +8.54935425553e+000
  +8.54913628439e+000
  +8.54872115819e+000
  +8.54810486077e+000
  +8.54728179415e+000
  +8.54624472040e+000
  +8.54498469359e+000
  +8.54349098097e+000
  +8.54175097272e+000
  +8.53975007965e+000
  +8.53747161798e+000
  +8.53489668074e+000
  +8.53200399498e+000
  +8.52876976427e+000
  +8.52516749593e+000
  +8.52116781233e+000
  +8.51673824604e+000
  +8.51184301837e+000
  +8.50644280113e+000
  +8.50049446169e+000
  +8.49395079157e+000
  +8.48676021907e+000
  +8.47886650696e+000
  +8.47020843657e+000
  +8.46071948021e+000
  +8.45032746460e+000
  +8.43895422868e+000
  +8.42651528007e+000
  +8.41291945572e+000
  +8.39806859323e+000
  +8.38185722096e+000
  +8.36417227653e+000
  +8.34489286497e+000
  +8.32389006978e+000
  +8.30102683209e+000
  +8.27615791505e+000
  +8.24912997298e+000
  +8.21978174649e+000
  +8.18794440664e+000
  +8.15344207286e+000
  +8.11609253009e+000
  +8.07570817092e+000
  +8.03209718762e+000
  +7.98506503724e+000
  +7.93441619914e+000
  +7.87995623932e+000
  +7.82149418859e+000
  +7.75884523241e+000
  +7.69183369835e+000
  +7.62029631398e+000
  +7.54408569212e+000
  +7.46307398373e+000
  +7.37715662147e+000
  +7.28625605969e+000
  +7.19032540146e+000
  +7.08935179051e+000
  +6.98335943803e+000
  +6.87241215156e+000
  +6.75661523769e+000
  +6.63611666224e+000
  +6.51110737113e+000
  +6.38182070233e+000
  +6.24853085267e+000
  +6.11155040109e+000
  +5.97122692991e+000
  +5.82793882548e+000
  +5.68209037563e+000
  +5.53410631203e+000
  +5.38442596789e+000
  +5.23349723448e+000
  +5.08177050284e+000
  +4.92969276990e+000
  +4.77770207238e+000
  +4.62622238842e+000
  +4.47565911850e+000
  +4.32639522588e+000
  +4.17878808454e+000
  +4.03316705215e+000
  +3.88983175760e+000
  +3.74905106926e+000
  +3.61106269125e+000
  +3.47607332150e+000
  +3.34425929669e+000
  +3.21576764496e+000
  +3.09071746700e+000
  +2.96920156936e+000
  +2.85128827858e+000
  +2.73702337211e+000
  +2.62643206975e+000
  +2.51952103762e+000
  +2.41628036497e+000
  +2.31668548221e+000
  +2.22069899557e+000
  +2.12827242067e+000
  +2.03934780259e+000
  +1.95385921531e+000
  +1.87173413708e+000
  +1.79289470160e+000
  +1.71725882763e+000
  +1.64474123129e+000
  +1.57525432687e+000
  +1.50870902302e+000
  +1.44501542146e+000
  +1.38408342603e+000
  +1.32582326961e+000
  +1.27014596653e+000
  +1.21696369773e+000
  +1.16619013572e+000
  +1.11774071559e+000
  +1.07153285856e+000
  +1.02748615320e+000
  +9.85522499859e-001
  +9.45566222678e-001
  +9.07544153526e-001
  +8.71385691615e-001
  +8.37022842158e-001
  +8.04390237086e-001
  +7.73425140471e-001
  +7.44067440998e-001
  +7.16259633534e-001
  +6.89946791568e-001
  +6.65076532075e-001
  +6.41598974105e-001
  +6.19466692251e-001
  +5.98634665912e-001
  +5.79060225154e-001
  +5.60702993789e-001
  +5.43524830183e-001
  +5.27489766163e-001
  +5.12563944279e-001
  +4.98715553579e-001
  +4.85914763951e-001
  +4.74133658988e-001
  +4.63346167241e-001
  +4.53527991647e-001
  +4.44656536818e-001
  +4.36710833817e-001
  +4.29671461942e-001
  +4.23520466984e-001
  +4.18241275346e-001
  +4.13818603319e-001
  +4.10238360783e-001
  +4.07487548517e-001
  +4.05554148265e-001
  +4.04427004681e-001
  +4.04095698253e-001
  +4.04550408333e-001
  +4.05781765421e-001
  +4.07780691976e-001
  +4.10538231099e-001
  +4.14045362684e-001
  +4.18292806826e-001
  +4.23270814650e-001
  +4.28968947095e-001
  +4.35375842744e-001
  +4.42478976316e-001
  +4.50264410212e-001
  +4.58716542233e-001
  +4.67817853481e-001
  +4.77548661370e-001
  +4.87886883623e-001
  +4.98807820047e-001
  +5.10283959723e-001
  +5.22284821955e-001
  +5.34776839767e-001
  +5.47723294913e-001
  +5.61084313094e-001
  +5.74816927354e-001
  +5.88875216372e-001
  +6.03210522508e-001
  +6.17771752072e-001
  +6.32505757370e-001
  +6.47357796749e-001
  +6.62272065339e-001
  +6.77192285555e-001
  +6.92062343085e-001
  +7.06826951128e-001
  +7.21432323490e-001
  +7.35826835838e-001
  +7.49961654213e-001
  +7.63791310831e-001
  +7.77274209255e-001
  +7.90373044000e-001
  +8.03055123468e-001
  +8.15292589376e-001
  +8.27062530342e-001
  +8.38346991680e-001
  +8.49132887438e-001
  +8.59411824100e-001
  +8.69179847950e-001
  +8.78437129874e-001
  +8.87187602208e-001
  +8.95438562358e-001
  +9.03200257255e-001
</dep>
<dep S[1,1] frequency>
  +6.48332849686e-001-j4.42861580606e-002
  +6.46769343313e-001-j4.45366075800e-002
  +6.45153884341e-001-j4.47472343035e-002
  +6.43490600616e-001-j4.49117857799e-002
  +6.41784338396e-001-j4.50244126112e-002
  +6.40040620922e-001-j4.50797752031e-002
  +6.38265587537e-001-j4.50731455601e-002
  +6.36465914053e-001-j4.50005000507e-002
  +6.34648716049e-001-j4.48585991945e-002
  +6.32821437717e-001-j4.46450508970e-002
  +6.30991729680e-001-j4.43583541860e-002
  +6.29167319909e-001-j4.39979213377e-002
  +6.27355882262e-001-j4.35640772781e-002
  +6.25564907324e-001-j4.30580362269e-002
  +6.23801580121e-001-j4.24818566364e-002
  +6.22072668838e-001-j4.18383764865e-002
  +6.20384428062e-001-j4.11311318507e-002
  +6.18742519215e-001-j4.03642622961e-002
  +6.17151949936e-001-j3.95424070779e-002
  +6.15617033171e-001-j3.86705962367e-002
  +6.14141365822e-001-j3.77541405994e-002
  +6.12727825955e-001-j3.67985243759e-002
  +6.11378586882e-001-j3.58093035531e-002
  +6.10095145911e-001-j3.47920126975e-002
  +6.08878365233e-001-j3.37520821150e-002
  +6.07728522239e-001-j3.26947666539e-002
  +6.06645366578e-001-j3.16250868084e-002
  +6.05628181387e-001-j3.05477822151e-002
  +6.04675846360e-001-j2.94672771640e-002
  +6.03786900629e-001-j2.83876573701e-002
  +6.02959603740e-001-j2.73126569822e-002
  +6.02191993390e-001-j2.62456546251e-002
  +6.01481938893e-001-j2.51896771827e-002
  +6.00827189679e-001-j2.41474100045e-002
  +6.00225418385e-001-j2.31212122529e-002
  +5.99674258338e-001-j2.21131361818e-002
  +5.99171335432e-001-j2.11249492387e-002
  +5.98714294528e-001-j2.01581579973e-002
  +5.98300820650e-001-j1.92140330499e-002
  +5.97928655302e-001-j1.82936341105e-002
  +5.97595608316e-001-j1.73978346921e-002
  +5.97299565650e-001-j1.65273458279e-002
  +5.97038493610e-001-j1.56827384013e-002
  +5.96810439935e-001-j1.48644637329e-002
  +5.96613532241e-001-j1.40728721484e-002
  +5.96445974271e-001-j1.33082293203e-002
  +5.96306040433e-001-j1.25707302365e-002
  +5.96192069079e-001-j1.18605107124e-002
  +5.96102454985e-001-j1.11776564204e-002
  +5.96035641483e-001-j1.05222094706e-002
  +5.95990112674e-001-j9.89417264205e-003
  +5.95964386123e-001-j9.29351142295e-003
  +5.95957006432e-001-j8.72015408743e-003
  +5.95966540005e-001-j8.17399009439e-003
  +5.95991571285e-001-j7.65486715355e-003
  +5.96030700670e-001-j7.16258734953e-003
  +5.96082544216e-001-j6.69690274916e-003
  +5.96145735163e-001-j6.25751093232e-003
  +5.96218927214e-001-j5.84405088151e-003
  +5.96300799389e-001-j5.45609963707e-003
  +5.96390062215e-001-j5.09317007383e-003
  +5.96485464926e-001-j4.75471008359e-003
  +5.96585803276e-001-j4.44010335947e-003
  +5.96689927575e-001-j4.14867187995e-003
  +5.96796750524e-001-j3.87968008789e-003
  +5.96905254457e-001-j3.63234066228e-003
  +5.97014497651e-001-j3.40582169298e-003
  +5.97123619417e-001-j3.19925499866e-003
  +5.97231843770e-001-j3.01174527879e-003
  +5.97338481568e-001-j2.84237976434e-003
  +5.97442931073e-001-j2.69023802787e-003
  +5.97544676990e-001-j2.55440163115e-003
  +5.97643288096e-001-j2.43396332247e-003
  +5.97738413608e-001-j2.32803554267e-003
  +5.97829778517e-001-j2.23575805323e-003
  +5.97917178091e-001-j2.15630455734e-003
  +5.98000471787e-001-j2.08888824068e-003
  +5.98079576790e-001-j2.03276621031e-003
  +5.98154461390e-001-j1.98724285417e-003
  +5.98225138379e-001-j1.95167217983e-003
  +5.98291658612e-001-j1.92545921817e-003
  +5.98354104883e-001-j1.90806059587e-003
  +5.98412586171e-001-j1.89898439127e-003
  +5.98467232365e-001-j1.89778939143e-003
  +5.98518189467e-001-j1.90408386665e-003
  +5.98565615329e-001-j1.91752397229e-003
  +5.98609675890e-001-j1.93781187885e-003
  +5.98650541930e-001-j1.96469372024e-003
  +5.98688386287e-001-j1.99795743840e-003
  +5.98723381528e-001-j2.03743059046e-003
  +5.98755698024e-001-j2.08297817293e-003
  +5.98785502383e-001-j2.13450050680e-003
  +5.98812956218e-001-j2.19193121756e-003
  +5.98838215199e-001-j2.25523533546e-003
  +5.98861428340e-001-j2.32440753431e-003
  +5.98882737511e-001-j2.39947052041e-003
  +5.98902277116e-001-j2.48047357869e-003
  +5.98920173924e-001-j2.56749127848e-003
  +5.98936547016e-001-j2.66062233870e-003
  +5.98951507833e-001-j2.75998864953e-003
  +5.98965160295e-001-j2.86573444592e-003
  +5.98977600984e-001-j2.97802562728e-003
  +5.98988919364e-001-j3.09704921678e-003
  +5.98999198038e-001-j3.22301295336e-003
  +5.99008513017e-001-j3.35614500954e-003
  +5.99016934004e-001-j3.49669382811e-003
  +5.99024524684e-001-j3.64492807109e-003
  +5.99031343001e-001-j3.80113667495e-003
  +5.99037441438e-001-j3.96562900607e-003
  +5.99042867282e-001-j4.13873511161e-003
  +5.99047662865e-001-j4.32080606088e-003
  +5.99051865804e-001-j4.51221437330e-003
  +5.99055509209e-001-j4.71335452936e-003
  +5.99058621873e-001-j4.92464356169e-003
  +5.99061228444e-001-j5.14652172375e-003
  +5.99063349571e-001-j5.37945323425e-003
  +5.99065002023e-001-j5.62392709588e-003
  +5.99066198795e-001-j5.88045798730e-003
  +5.99066949172e-001-j6.14958722791e-003
  +5.99067258784e-001-j6.43188381524e-003
  +5.99067129626e-001-j6.72794553519e-003
  +5.99066560053e-001-j7.03840014569e-003
  +5.99065544747e-001-j7.36390663472e-003
  +5.99064074658e-001-j7.70515655405e-003
  +5.99062136912e-001-j8.06287543007e-003
  +5.99059714692e-001-j8.43782425374e-003
  +5.99056787087e-001-j8.83080105158e-003
  +5.99053328904e-001-j9.24264254032e-003
  +5.99049310446e-001-j9.67422586763e-003
  +5.99044697256e-001-j1.01264704419e-002
  +5.99039449817e-001-j1.06003398542e-002
  +5.99033523212e-001-j1.10968438956e-002
  +5.99026866735e-001-j1.16170406737e-002
  +5.99019423461e-001-j1.21620388318e-002
  +5.99011129753e-001-j1.27329998748e-002
  +5.99001914720e-001-j1.33311406065e-002
  +5.98991699610e-001-j1.39577356816e-002
  +5.98980397136e-001-j1.46141202779e-002
  +5.98967910734e-001-j1.53016928935e-002
  +5.98954133734e-001-j1.60219182727e-002
  +5.98938948452e-001-j1.67763304681e-002
  +5.98922225187e-001-j1.75665360407e-002
  +5.98903821112e-001-j1.83942174073e-002
  +5.98883579060e-001-j1.92611363376e-002
  +5.98861326184e-001-j2.01691376080e-002
  +5.98836872481e-001-j2.11201528182e-002
  +5.98810009180e-001-j2.21162043757e-002
  +5.98780506960e-001-j2.31594096533e-002
  +5.98748114001e-001-j2.42519853281e-002
  +5.98712553842e-001-j2.53962519039e-002
  +5.98673523033e-001-j2.65946384265e-002
  +5.98630688552e-001-j2.78496873941e-002
  +5.98583684982e-001-j2.91640598709e-002
  +5.98532111409e-001-j3.05405408056e-002
  +5.98475528021e-001-j3.19820445626e-002
  +5.98413452382e-001-j3.34916206673e-002
  +5.98345355348e-001-j3.50724597696e-002
  +5.98270656591e-001-j3.67278998275e-002
  +5.98188719696e-001-j3.84614325130e-002
  +5.98098846785e-001-j4.02767098388e-002
  +5.98000272641e-001-j4.21775510054e-002
  +5.97892158256e-001-j4.41679494642e-002
  +5.97773583784e-001-j4.62520801922e-002
  +5.97643540818e-001-j4.84343071686e-002
  +5.97500923937e-001-j5.07191910435e-002
  +5.97344521467e-001-j5.31114969829e-002
  +5.97173005362e-001-j5.56162026722e-002
  +5.96984920154e-001-j5.82385064529e-002
  +5.96778670857e-001-j6.09838355653e-002
  +5.96552509765e-001-j6.38578544595e-002
  +5.96304522018e-001-j6.68664731323e-002
  +5.96032609850e-001-j7.00158554379e-002
  +5.95734475388e-001-j7.33124273107e-002
  +5.95407601898e-001-j7.67628848257e-002
  +5.95049233327e-001-j8.03742020111e-002
  +5.94656352018e-001-j8.41536383107e-002
  +5.94225654446e-001-j8.81087455764e-002
  +5.93753524805e-001-j9.22473744532e-002
  +5.93236006302e-001-j9.65776799948e-002
  +5.92668769973e-001-j1.01108126323e-001
  +5.92047080838e-001-j1.05847490115e-001
  +5.91365761218e-001-j1.10804862672e-001
  +5.90619151026e-001-j1.15989650277e-001
  +5.89801064822e-001-j1.21411572531e-001
  +5.88904745472e-001-j1.27080658270e-001
  +5.87922814192e-001-j1.33007238661e-001
  +5.86847216826e-001-j1.39201936981e-001
  +5.85669166184e-001-j1.45675654531e-001
  +5.84379080298e-001-j1.52439552077e-001
  +5.82966516500e-001-j1.59505026107e-001
  +5.81420101243e-001-j1.66883679144e-001
  +5.79727455658e-001-j1.74587283227e-001
  +5.77875116905e-001-j1.82627735595e-001
  +5.75848455463e-001-j1.91017005515e-001
  +5.73631588612e-001-j1.99767071051e-001
  +5.71207290501e-001-j2.08889844511e-001
  +5.68556899348e-001-j2.18397085147e-001
  +5.65660222531e-001-j2.28300297607e-001
  +5.62495440539e-001-j2.38610614540e-001
  +5.59039011051e-001-j2.49338661627e-001
  +5.55265574726e-001-j2.60494403306e-001
  +5.51147864648e-001-j2.72086967363e-001
  +5.46656621814e-001-j2.84124446594e-001
  +5.41760519524e-001-j2.96613675804e-001
  +5.36426100087e-001-j3.09559982513e-001
  +5.30617727821e-001-j3.22966909979e-001
  +5.24297563015e-001-j3.36835911469e-001
  +5.17425562146e-001-j3.51166015157e-001
  +5.09959510404e-001-j3.65953459677e-001
  +5.01855093232e-001-j3.81191301144e-001
  +4.93066014291e-001-j3.96868993496e-001
  +4.83544167836e-001-j4.12971945277e-001
  +4.73239873938e-001-j4.29481057481e-001
  +4.62102185275e-001-j4.46372248900e-001
  +4.50079274172e-001-j4.63615977480e-001
  +4.37118908181e-001-j4.81176768475e-001
  +4.23169021652e-001-j4.99012762769e-001
  +4.08178389253e-001-j5.17075301356e-001
  +3.92097405328e-001-j5.35308564704e-001
  +3.74878970013e-001-j5.53649288282e-001
  +3.56479479291e-001-j5.72026577842e-001
  +3.36859911532e-001-j5.90361849752e-001
  +3.15986997538e-001-j6.08568922619e-001
  +2.93834454867e-001-j6.26554286258e-001
  +2.70384260398e-001-j6.44217572435e-001
  +2.45627928039e-001-j6.61452248523e-001
  +2.19567751557e-001-j6.78146549965e-001
  +1.92217966298e-001-j6.94184660132e-001
  +1.63605778658e-001-j7.09448136814e-001
  +1.33772209167e-001-j7.23817573388e-001
  +1.02772694720e-001-j7.37174470034e-001
  +7.06773982514e-002-j7.49403276968e-001
  +3.75711805631e-002-j7.60393558210e-001
  +3.55319909225e-003-j7.70042212136e-001
  -3.12638879446e-002-j7.78255674922e-001
  -6.67551169060e-002-j7.84952026156e-001
  -1.02784799662e-001-j7.90062913349e-001
  -1.39208456479e-001-j7.93535214422e-001
  -1.75875048061e-001-j7.95332364847e-001
  -2.12629436845e-001-j7.95435288768e-001
  -2.49314994112e-001-j7.93842890432e-001
  -2.85776260636e-001-j7.90572082534e-001
  -3.21861565319e-001-j7.85657350119e-001
  -3.57425508843e-001-j7.79149870834e-001
  -3.92331227536e-001-j7.71116232870e-001
  -4.26452365714e-001-j7.61636809437e-001
  -4.59674701476e-001-j7.50803861823e-001
  -4.91897389946e-001-j7.38719451296e-001
  -5.23033807668e-001-j7.25493243133e-001
  -5.53012000846e-001-j7.11240284035e-001
  -5.81774757120e-001-j6.96078827843e-001
  -6.09279334605e-001-j6.80128274699e-001
  -6.35496892477e-001-j6.63507276664e-001
  -6.60411674212e-001-j6.46332049509e-001
  -6.84019997806e-001-j6.28714916890e-001
  -7.06329107276e-001-j6.10763100336e-001
  -7.27355937094e-001-j5.92577757080e-001
  -7.47125836445e-001-j5.74253258163e-001
  -7.65671294132e-001-j5.55876691704e-001
  -7.83030698090e-001-j5.37527570716e-001
  -7.99247156385e-001-j5.19277721353e-001
  -8.14367399750e-001-j5.01191325630e-001
  -8.28440779322e-001-j4.83325092362e-001
  -8.41518367689e-001-j4.65728530829e-001
  -8.53652166576e-001-j4.48444303367e-001
  -8.64894420640e-001-j4.31508635278e-001
  -8.75297033827e-001-j4.14951763035e-001
  -8.84911082518e-001-j3.98798404440e-001
  -8.93786418188e-001-j3.83068237073e-001
  -9.01971351343e-001-j3.67776373922e-001
  -9.09512408085e-001-j3.52933827435e-001
  -9.16454150571e-001-j3.38547955314e-001
  -9.22839052890e-001-j3.24622883224e-001
  -9.28707424299e-001-j3.11159901127e-001
  -9.34097372340e-001-j2.98157831254e-001
  -9.39044799038e-001-j2.85613366771e-001
  -9.43583424057e-001-j2.73521381058e-001
  -9.47744829417e-001-j2.61875208120e-001
  -9.51558521036e-001-j2.50666895163e-001
  -9.55052003042e-001-j2.39887428707e-001
  -9.58250861368e-001-j2.29526935819e-001
  -9.61178853708e-001-j2.19574862207e-001
  -9.63858003399e-001-j2.10020128966e-001
  -9.66308695225e-001-j2.00851269783e-001
  -9.68549771522e-001-j1.92056550378e-001
  -9.70598627284e-001-j1.83624071885e-001
  -9.72471303264e-001-j1.75541859791e-001
  -9.74182576285e-001-j1.67797939965e-001
  -9.75746046199e-001-j1.60380403183e-001
  -9.77174219070e-001-j1.53277459460e-001
  -9.78478586330e-001-j1.46477483380e-001
  -9.79669699738e-001-j1.39969051498e-001
  -9.80757242068e-001-j1.33740972819e-001
  -9.81750093557e-001-j1.27782313208e-001
  -9.82656394143e-001-j1.22082414545e-001
  -9.83483601617e-001-j1.16630909312e-001
  -9.84238545817e-001-j1.11417731257e-001
  -9.84927479028e-001-j1.06433122670e-001
  -9.85556122759e-001-j1.01667638783e-001
  -9.86129711082e-001-j9.71121497069e-002
</dep>
<dep S[1,2] frequency>
  +1.58172560356e-003+j2.58451710789e-003
  +1.69362647857e-003+j2.63166951410e-003
  +1.80948927171e-003+j2.67467396025e-003
  +1.92900588467e-003+j2.71312644303e-003
  +2.05181607753e-003+j2.74664926991e-003
  +2.17751031320e-003+j2.77489907552e-003
  +2.30563405444e-003+j2.79757448854e-003
  +2.43569346400e-003+j2.81442314592e-003
  +2.56716238594e-003+j2.82524775985e-003
  +2.69949041700e-003+j2.82991097036e-003
  +2.83211181412e-003+j2.82833876234e-003
  +2.96445493486e-003+j2.82052228779e-003
  +3.09595187548e-003+j2.80651800756e-003
  +3.22604795903e-003+j2.78644614735e-003
  +3.35421073536e-003+j2.76048754316e-003
  +3.47993818451e-003+j2.72887902630e-003
  +3.60276586232e-003+j2.69190756182e-003
  +3.72227278808e-003+j2.64990340233e-003
  +3.83808594290e-003+j2.60323254921e-003
  +3.94988331953e-003+j2.55228882438e-003
  +4.05739553327e-003+j2.49748584831e-003
  +4.16040606547e-003+j2.43924919747e-003
  +4.25875026263e-003+j2.37800897834e-003
  +4.35231325223e-003+j2.31419301174e-003
  +4.44102696169e-003+j2.24822077247e-003
  +4.52486643884e-003+j2.18049818024e-003
  +4.60384567211e-003+j2.11141329165e-003
  +4.67801309969e-003+j2.04133290100e-003
  +4.74744697953e-003+j1.97060002325e-003
  +4.81225077059e-003+j1.89953220421e-003
  +4.87254865065e-003+j1.82842058341e-003
  +4.92848127110e-003+j1.75752962148e-003
  +4.98020182391e-003+j1.68709739726e-003
  +5.02787247358e-003+j1.61733637787e-003
  +5.07166118625e-003+j1.54843456746e-003
  +5.11173897125e-003+j1.48055694572e-003
  +5.14827753616e-003+j1.41384711427e-003
  +5.18144734499e-003+j1.34842907801e-003
  +5.21141606122e-003+j1.28440909686e-003
  +5.23834735056e-003+j1.22187755260e-003
  +5.26240001481e-003+j1.16091078349e-003
  +5.28372742468e-003+j1.10157284731e-003
  +5.30247721846e-003+j1.04391718038e-003
  +5.31879123212e-003+j9.87988126029e-004
  +5.33280562608e-003+j9.33822311997e-004
  +5.34465117392e-003+j8.81449860741e-004
  +5.35445367812e-003+j8.30895421747e-004
  +5.36233447831e-003+j7.82179019136e-004
  +5.36841101768e-003+j7.35316712491e-004
  +5.37279743386e-003+j6.90321073372e-004
  +5.37560514163e-003+j6.47201484744e-004
  +5.37694337652e-003+j6.05964275453e-004
  +5.37691967059e-003+j5.66612706785e-004
  +5.37564023528e-003+j5.29146832992e-004
  +5.37321023060e-003+j4.93563261999e-004
  +5.36973390509e-003+j4.59854846205e-004
  +5.36531459795e-003+j4.28010335877e-004
  +5.36005460106e-003+j3.98014028863e-004
  +5.35405488683e-003+j3.69845449966e-004
  +5.34741471439e-003+j3.43479091145e-004
  +5.34023113399e-003+j3.18884239799e-004
  +5.33259841466e-003+j2.96024916882e-004
  +5.32460742465e-003+j2.74859939821e-004
  +5.31634499619e-003+j2.55343117586e-004
  +5.30789330662e-003+j2.37423577440e-004
  +5.29932930594e-003+j2.21046215301e-004
  +5.29072421764e-003+j2.06152254964e-004
  +5.28214313428e-003+j1.92679896006e-004
  +5.27364472343e-003+j1.80565026405e-004
  +5.26528105322e-003+j1.69741973889e-004
  +5.25709753983e-003+j1.60144269747e-004
  +5.24913301353e-003+j1.51705400178e-004
  +5.24141989461e-003+j1.44359522898e-004
  +5.23398446634e-003+j1.38042130333e-004
  +5.22684722938e-003+j1.32690644980e-004
  +5.22002332027e-003+j1.28244936901e-004
  +5.21352297630e-003+j1.24647757678e-004
  +5.20735202942e-003+j1.21845089148e-004
  +5.20151241333e-003+j1.19786408618e-004
  +5.19600266937e-003+j1.18424875104e-004
  +5.19081843953e-003+j1.17717443168e-004
  +5.18595293668e-003+j1.17624912397e-004
  +5.18139738494e-003+j1.18111921347e-004
  +5.17714142492e-003+j1.19146895055e-004
  +5.17317348080e-003+j1.20701955101e-004
  +5.16948108778e-003+j1.22752800687e-004
  +5.16605117980e-003+j1.25278568549e-004
  +5.16287033879e-003+j1.28261678638e-004
  +5.15992500719e-003+j1.31687671602e-004
  +5.15720166640e-003+j1.35545043197e-004
  +5.15468698402e-003+j1.39825079830e-004
  +5.15236793289e-003+j1.44521698623e-004
  +5.15023188528e-003+j1.49631294634e-004
  +5.14826668507e-003+j1.55152597193e-004
  +5.14646070115e-003+j1.61086536757e-004
  +5.14480286458e-003+j1.67436123209e-004
  +5.14328269228e-003+j1.74206336118e-004
  +5.14189029931e-003+j1.81404027175e-004
  +5.14061640208e-003+j1.89037834786e-004
  +5.13945231405e-003+j1.97118110587e-004
  +5.13838993568e-003+j2.05656857542e-004
  +5.13742173987e-003+j2.14667679178e-004
  +5.13654075422e-003+j2.24165739452e-004
  +5.13574054088e-003+j2.34167732734e-004
  +5.13501517501e-003+j2.44691863351e-004
  +5.13435922248e-003+j2.55757834183e-004
  +5.13376771727e-003+j2.67386843789e-004
  +5.13323613924e-003+j2.79601591593e-004
  +5.13276039245e-003+j2.92426290699e-004
  +5.13233678446e-003+j3.05886687920e-004
  +5.13196200677e-003+j3.20010090674e-004
  +5.13163311659e-003+j3.34825400434e-004
  +5.13134752021e-003+j3.50363152458e-004
  +5.13110295787e-003+j3.66655561574e-004
  +5.13089749039e-003+j3.83736573829e-004
  +5.13072948756e-003+j4.01641923857e-004
  +5.13059761840e-003+j4.20409197849e-004
  +5.13050084320e-003+j4.40077902064e-004
  +5.13043840757e-003+j4.60689536808e-004
  +5.13040983842e-003+j4.82287675905e-004
  +5.13041494190e-003+j5.04918051644e-004
  +5.13045380347e-003+j5.28628645274e-004
  +5.13052679002e-003+j5.53469783094e-004
  +5.13063455415e-003+j5.79494238245e-004
  +5.13077804075e-003+j6.06757338329e-004
  +5.13095849587e-003+j6.35317078972e-004
  +5.13117747805e-003+j6.65234243511e-004
  +5.13143687217e-003+j6.96572528985e-004
  +5.13173890602e-003+j7.29398678613e-004
  +5.13208616974e-003+j7.63782620995e-004
  +5.13248163821e-003+j7.99797616266e-004
  +5.13292869676e-003+j8.37520409447e-004
  +5.13343117028e-003+j8.77031391280e-004
  +5.13399335605e-003+j9.18414766816e-004
  +5.13462006055e-003+j9.61758732072e-004
  +5.13531664066e-003+j1.00715565906e-003
  +5.13608904944e-003+j1.05470228954e-003
  +5.13694388700e-003+j1.10449993780e-003
  +5.13788845690e-003+j1.15665470294e-003
  +5.13893082850e-003+j1.21127769080e-003
  +5.14007990579e-003+j1.26848524626e-003
  +5.14134550337e-003+j1.32839919593e-003
  +5.14273843017e-003+j1.39114710200e-003
  +5.14427058151e-003+j1.45686252737e-003
  +5.14595504054e-003+j1.52568531267e-003
  +5.14780618966e-003+j1.59776186561e-003
  +5.14983983296e-003+j1.67324546290e-003
  +5.15207333080e-003+j1.75229656548e-003
  +5.15452574746e-003+j1.83508314724e-003
  +5.15721801333e-003+j1.92178103779e-003
  +5.16017310276e-003+j2.01257427973e-003
  +5.16341622932e-003+j2.10765550073e-003
  +5.16697505983e-003+j2.20722630093e-003
  +5.17087994917e-003+j2.31149765591e-003
  +5.17516419764e-003+j2.42069033573e-003
  +5.17986433317e-003+j2.53503534011e-003
  +5.18502042057e-003+j2.65477435025e-003
  +5.19067640039e-003+j2.78016019719e-003
  +5.19688046027e-003+j2.91145734704e-003
  +5.20368544164e-003+j3.04894240291e-003
  +5.21114928527e-003+j3.19290462356e-003
  +5.21933551908e-003+j3.34364645835e-003
  +5.22831379222e-003+j3.50148409820e-003
  +5.23816045977e-003+j3.66674804187e-003
  +5.24895922249e-003+j3.83978367675e-003
  +5.26080182689e-003+j4.02095187303e-003
  +5.27378883084e-003+j4.21062958978e-003
  +5.28803044088e-003+j4.40921049124e-003
  +5.30364742748e-003+j4.61710557100e-003
  +5.32077212524e-003+j4.83474378140e-003
  +5.33954952543e-003+j5.06257266493e-003
  +5.36013846900e-003+j5.30105898360e-003
  +5.38271294874e-003+j5.55068934157e-003
  +5.40746352963e-003+j5.81197079568e-003
  +5.43459889758e-003+j6.08543144698e-003
  +5.46434754697e-003+j6.37162100589e-003
  +5.49695961814e-003+j6.67111132176e-003
  +5.53270889691e-003+j6.98449686636e-003
  +5.57189498841e-003+j7.31239515915e-003
  +5.61484567848e-003+j7.65544712016e-003
  +5.66191949608e-003+j8.01431733407e-003
  +5.71350849092e-003+j8.38969420686e-003
  +5.77004124058e-003+j8.78228999316e-003
  +5.83198610164e-003+j9.19284066986e-003
  +5.89985471923e-003+j9.62210562747e-003
  +5.97420580918e-003+j1.00708671471e-002
  +6.05564922604e-003+j1.05399296266e-002
  +6.14485032926e-003+j1.10301185141e-002
  +6.24253465814e-003+j1.15422789025e-002
  +6.34949292359e-003+j1.20772737322e-002
  +6.46658632205e-003+j1.26359815427e-002
  +6.59475217214e-003+j1.32192937076e-002
  +6.73500986996e-003+j1.38281110792e-002
  +6.88846715187e-003+j1.44633399621e-002
  +7.05632664546e-003+j1.51258873256e-002
  +7.23989267927e-003+j1.58166551585e-002
  +7.44057830932e-003+j1.65365338588e-002
  +7.65991250590e-003+j1.72863945447e-002
  +7.89954742604e-003+j1.80670801652e-002
  +8.16126567655e-003+j1.88793952808e-002
  +8.44698744774e-003+j1.97240943815e-002
  +8.75877737007e-003+j2.06018686050e-002
  +9.09885091339e-003+j2.15133307189e-002
  +9.46958011183e-003+j2.24589982350e-002
  +9.87349835683e-003+j2.34392745328e-002
  +1.03133039554e-002+j2.44544278876e-002
  +1.07918621022e-002+j2.55045683198e-002
  +1.13122048627e-002+j2.65896222224e-002
  +1.18775287109e-002+j2.77093047643e-002
  +1.24911891117e-002+j2.88630901349e-002
  +1.31566915893e-002+j3.00501797674e-002
  +1.38776786747e-002+j3.12694687788e-002
  +1.46579120950e-002+j3.25195109757e-002
  +1.55012495431e-002+j3.37984829145e-002
  +1.64116153718e-002+j3.51041476575e-002
  +1.73929645830e-002+j3.64338190463e-002
  +1.84492395488e-002+j3.77843275004e-002
  +1.95843190129e-002+j3.91519885542e-002
  +2.08019590784e-002+j4.05325755499e-002
  +2.21057261119e-002+j4.19212980976e-002
  +2.34989217769e-002+j4.33127880881e-002
  +2.49845007617e-002+j4.47010951750e-002
  +2.65649821854e-002+j4.60796937123e-002
  +2.82423561348e-002+j4.74415031203e-002
  +3.00179873071e-002+j4.87789235297e-002
  +3.18925182626e-002+j5.00838883048e-002
  +3.38657753193e-002+j5.13479346489e-002
  +3.59366805872e-002+j5.25622929414e-002
  +3.81031740186e-002+j5.37179947514e-002
  +4.03621495693e-002+j5.48059986191e-002
  +4.27094095995e-002+j5.58173317435e-002
  +4.51396414240e-002+j5.67432446936e-002
  +4.76464194466e-002+j5.75753752474e-002
  +5.02222355402e-002+j5.83059165305e-002
  +5.28585593091e-002+j5.89277838586e-002
  +5.55459285998e-002+j5.94347741727e-002
  +5.82740692086e-002+j5.98217117617e-002
  +6.10320412384e-002+j6.00845741441e-002
  +6.38084081065e-002+j6.02205925581e-002
  +6.65914229128e-002+j6.02283224652e-002
  +6.93692258481e-002+j6.01076807602e-002
  +7.21300456559e-002+j5.98599479177e-002
  +7.48623979143e-002+j5.94877349709e-002
  +7.75552730956e-002+j5.89949168965e-002
  +8.01983079852e-002+j5.83865355391e-002
  +8.27819350250e-002+j5.76686765265e-002
  +8.52975054183e-002+j5.68483256346e-002
  +8.77373832666e-002+j5.59332106779e-002
  +9.00950095063e-002+j5.49316352317e-002
  +9.23649358501e-002+j5.38523103392e-002
  +9.45428302207e-002+j5.27041898762e-002
  +9.66254562345e-002+j5.14963145047e-002
  +9.86106300859e-002+j5.02376682322e-002
  +1.00497158703e-001+j4.89370505806e-002
  +1.02284763286e-001+j4.76029663518e-002
  +1.03973992348e-001+j4.62435340062e-002
  +1.05566128153e-001+j4.48664128071e-002
  +1.07063090123e-001+j4.34787481589e-002
  +1.08467338285e-001+j4.20871339940e-002
  +1.09781779346e-001+j4.06975906490e-002
  +1.11009677415e-001+j3.93155564013e-002
  +1.12154570909e-001+j3.79458907034e-002
  +1.13220196659e-001+j3.65928871257e-002
  +1.14210421842e-001+j3.52602940771e-002
  +1.15129183990e-001+j3.39513415022e-002
  +1.15980439029e-001+j3.26687719187e-002
  +1.16768117087e-001+j3.14148743539e-002
  +1.17496085629e-001+j3.01915199436e-002
  +1.18168119372e-001+j2.90001981594e-002
  +1.18787876350e-001+j2.78420528218e-002
  +1.19358879484e-001+j2.67179172365e-002
  +1.19884502988e-001+j2.56283479486e-002
  +1.20367962967e-001+j2.45736567485e-002
  +1.20812311608e-001+j2.35539406811e-002
  +1.21220434384e-001+j2.25691099062e-002
  +1.21595049771e-001+j2.16189133417e-002
  +1.21938710995e-001+j2.07029620795e-002
  +1.22253809421e-001+j1.98207506172e-002
  +1.22542579217e-001+j1.89716759807e-002
  +1.22807102973e-001+j1.81550548444e-002
  +1.23049318036e-001+j1.73701387659e-002
  +1.23271023320e-001+j1.66161276696e-002
  +1.23473886415e-001+j1.58921817135e-002
  +1.23659450840e-001+j1.51974316761e-002
  +1.23829143322e-001+j1.45309879984e-002
  +1.23984280996e-001+j1.38919486092e-002
  +1.24126078453e-001+j1.32794056578e-002
  +1.24255654584e-001+j1.26924512676e-002
  +1.24374039156e-001+j1.21301824202e-002
  +1.24482179118e-001+j1.15917050659e-002
  +1.24580944591e-001+j1.10761375537e-002
  +1.24671134544e-001+j1.05826134604e-002
  +1.24753482146e-001+j1.01102838948e-002
  +1.24828659801e-001+j9.65831934372e-003
  +1.24897283856e-001+j9.22591111798e-003
  +1.24959919006e-001+j8.81227245425e-003
  +1.25017082398e-001+j8.41663931812e-003
  +1.25069247447e-001+j8.03827095163e-003
  +1.25116847378e-001+j7.67645020201e-003
  +1.25160278505e-001+j7.33048366427e-003
</dep>
<dep S[2,1] frequency>
  +2.85056501160e-001+j4.73043429822e-001
  +3.05307231814e-001+j4.81904193120e-001
  +3.26282855913e-001+j4.90029950712e-001
  +3.47928283551e-001+j4.97347675105e-001
  +3.70178953818e-001+j5.03789075128e-001
  +3.92961345541e-001+j5.09292057967e-001
  +4.16193753492e-001+j5.13802128965e-001
  +4.39787321284e-001+j5.17273673767e-001
  +4.63647309036e-001+j5.19671068883e-001
  +4.87674561124e-001+j5.20969571717e-001
  +5.11767127884e-001+j5.21155949462e-001
  +5.35821986112e-001+j5.20228817499e-001
  +5.59736797220e-001+j5.18198671408e-001
  +5.83411639703e-001+j5.15087611301e-001
  +6.06750654204e-001+j5.10928771910e-001
  +6.29663544818e-001+j5.05765485520e-001
  +6.52066888902e-001+j4.99650216485e-001
  +6.73885218715e-001+j4.92643314857e-001
  +6.95051850775e-001+j4.84811642165e-001
  +7.15509451893e-001+j4.76227124414e-001
  +7.35210343428e-001+j4.66965286098e-001
  +7.54116556558e-001+j4.57103814845e-001
  +7.72199660698e-001+j4.46721199867e-001
  +7.89440394204e-001+j4.35895479418e-001
  +8.05828131051e-001+j4.24703123633e-001
  +8.21360219307e-001+j4.13218070214e-001
  +8.36041227274e-001+j4.01510921985e-001
  +8.49882131399e-001+j3.89648307764e-001
  +8.62899476956e-001+j3.77692401673e-001
  +8.75114538472e-001+j3.65700590999e-001
  +8.86552502374e-001+j3.53725279056e-001
  +8.97241689643e-001+j3.41813807187e-001
  +9.07212831736e-001+j3.30008478829e-001
  +9.16498408841e-001+j3.18346668327e-001
  +9.25132055851e-001+j3.06860997711e-001
  +9.33148038266e-001+j2.95579565749e-001
  +9.40580797695e-001+j2.84526215057e-001
  +9.47464564631e-001+j2.73720824713e-001
  +9.53833034716e-001+j2.63179617653e-001
  +9.59719103668e-001+j2.52915473855e-001
  +9.65154655498e-001+j2.42938242038e-001
  +9.70170398289e-001+j2.33255044141e-001
  +9.74795741829e-001+j2.23870568248e-001
  +9.79058711545e-001+j2.14787346824e-001
  +9.82985893459e-001+j2.06006018174e-001
  +9.86602405341e-001+j1.97525569870e-001
  +9.89931889642e-001+j1.89343563587e-001
  +9.92996524292e-001+j1.81456341336e-001
  +9.95817047948e-001+j1.73859213475e-001
  +9.98412796707e-001+j1.66546629168e-001
  +1.00080174978e+000+j1.59512330180e-001
  +1.00300058199e+000+j1.52749488986e-001
  +1.00502472132e+000+j1.46250832231e-001
  +1.00688841012e+000+j1.40008750587e-001
  +1.00860476864e+000+j1.34015396003e-001
  +1.01018586004e+000+j1.28262767311e-001
  +1.01164275598e+000+j1.22742785057e-001
  +1.01298560216e+000+j1.17447356380e-001
  +1.01422368315e+000+j1.12368430673e-001
  +1.01536548602e+000+j1.07498046727e-001
  +1.01641876238e+000+j1.02828372009e-001
  +1.01739058826e+000+j9.83517346970e-002
  +1.01828742160e+000+j9.40606490802e-002
  +1.01911515694e+000+j8.99478349478e-002
  +1.01987917695e+000+j8.60062315691e-002
  +1.02058440074e+000+j8.22290068930e-002
  +1.02123532862e+000+j7.86095625888e-002
  +1.02183608323e+000+j7.51415355470e-002
  +1.02239044711e+000+j7.18187964467e-002
  +1.02290189659e+000+j6.86354459662e-002
  +1.02337363225e+000+j6.55858091794e-002
  +1.02380860601e+000+j6.26644286275e-002
  +1.02420954511e+000+j5.98660565031e-002
  +1.02457897323e+000+j5.71856463173e-002
  +1.02491922899e+000+j5.46183443591e-002
  +1.02523248215e+000+j5.21594811894e-002
  +1.02552074778e+000+j4.98045633555e-002
  +1.02578589869e+000+j4.75492654536e-002
  +1.02602967627e+000+j4.53894226229e-002
  +1.02625370021e+000+j4.33210235128e-002
  +1.02645947701e+000+j4.13402037352e-002
  +1.02664840769e+000+j3.94432397890e-002
  +1.02682179477e+000+j3.76265434282e-002
  +1.02698084861e+000+j3.58866564329e-002
  +1.02712669326e+000+j3.42202457390e-002
  +1.02726037192e+000+j3.26240988782e-002
  +1.02738285201e+000+j3.10951196826e-002
  +1.02749502996e+000+j2.96303242109e-002
  +1.02759773569e+000+j2.82268368582e-002
  +1.02769173692e+000+j2.68818866149e-002
  +1.02777774319e+000+j2.55928034474e-002
  +1.02785640972e+000+j2.43570147778e-002
  +1.02792834101e+000+j2.31720420435e-002
  +1.02799409436e+000+j2.20354973240e-002
  +1.02805418306e+000+j2.09450800236e-002
  +1.02810907956e+000+j1.98985736040e-002
  +1.02815921834e+000+j1.88938423615e-002
  +1.02820499865e+000+j1.79288282460e-002
  +1.02824678716e+000+j1.70015477221e-002
  +1.02828492028e+000+j1.61100886706e-002
  +1.02831970655e+000+j1.52526073323e-002
  +1.02835142865e+000+j1.44273252947e-002
  +1.02838034546e+000+j1.36325265238e-002
  +1.02840669385e+000+j1.28665544413e-002
  +1.02843069041e+000+j1.21278090489e-002
  +1.02845253304e+000+j1.14147441020e-002
  +1.02847240238e+000+j1.07258643316e-002
  +1.02849046324e+000+j1.00597227164e-002
  +1.02850686575e+000+j9.41491780502e-003
  +1.02852174659e+000+j8.79009108749e-003
  +1.02853523001e+000+j8.18392441630e-003
  +1.02854742879e+000+j7.59513747563e-003
  +1.02855844516e+000+j7.02248529774e-003
  +1.02856837155e+000+j6.46475582494e-003
  +1.02857729138e+000+j5.92076751547e-003
  +1.02858527971e+000+j5.38936699114e-003
  +1.02859240382e+000+j4.86942672460e-003
  +1.02859872376e+000+j4.35984276352e-003
  +1.02860429288e+000+j3.85953248942e-003
  +1.02860915818e+000+j3.36743240791e-003
  +1.02861336080e+000+j2.88249596763e-003
  +1.02861693623e+000+j2.40369140476e-003
  +1.02861991472e+000+j1.92999960977e-003
  +1.02862232145e+000+j1.46041201319e-003
  +1.02862417675e+000+j9.93928486999e-004
  +1.02862549630e+000+j5.29555258075e-004
  +1.02862629122e+000+j6.63028301553e-005
  +1.02862656818e+000-j3.96816089278e-004
  +1.02862632944e+000-j8.60788660936e-004
  +1.02862557287e+000-j1.32660398821e-003
  +1.02862429194e+000-j1.79525519805e-003
  +1.02862247565e+000-j2.26774153204e-003
  +1.02862010843e+000-j2.74507045163e-003
  +1.02861717001e+000-j3.22825976148e-003
  +1.02861363528e+000-j3.71833975485e-003
  +1.02860947399e+000-j4.21635538525e-003
  +1.02860465059e+000-j4.72336846820e-003
  +1.02859912386e+000-j5.24045991752e-003
  +1.02859284657e+000-j5.76873202006e-003
  +1.02858576511e+000-j6.30931075332e-003
  +1.02857781897e+000-j6.86334815008e-003
  +1.02856894029e+000-j7.43202471430e-003
  +1.02855905325e+000-j8.01655189280e-003
  +1.02854807341e+000-j8.61817460678e-003
  +1.02853590701e+000-j9.23817384776e-003
  +1.02852245018e+000-j9.87786934219e-003
  +1.02850758804e+000-j1.05386222890e-002
  +1.02849119371e+000-j1.12218381744e-002
  +1.02847312727e+000-j1.19289696687e-002
  +1.02845323452e+000-j1.26615196081e-002
  +1.02843134572e+000-j1.34210440668e-002
  +1.02840727410e+000-j1.42091555229e-002
  +1.02838081433e+000-j1.50275261219e-002
  +1.02835174071e+000-j1.58778910402e-002
  +1.02831980531e+000-j1.67620519547e-002
  +1.02828473586e+000-j1.76818806179e-002
  +1.02824623341e+000-j1.86393225434e-002
  +1.02820396985e+000-j1.96364008030e-002
  +1.02815758511e+000-j2.06752199367e-002
  +1.02810668412e+000-j2.17579699752e-002
  +1.02805083349e+000-j2.28869305771e-002
  +1.02798955786e+000-j2.40644752760e-002
  +1.02792233589e+000-j2.52930758379e-002
  +1.02784859589e+000-j2.65753067229e-002
  +1.02776771107e+000-j2.79138496451e-002
  +1.02767899421e+000-j2.93114982251e-002
  +1.02758169201e+000-j3.07711627215e-002
  +1.02747497877e+000-j3.22958748310e-002
  +1.02735794957e+000-j3.38887925398e-002
  +1.02722961272e+000-j3.55532050061e-002
  +1.02708888162e+000-j3.72925374500e-002
  +1.02693456582e+000-j3.91103560211e-002
  +1.02676536123e+000-j4.10103726100e-002
  +1.02657983949e+000-j4.29964495607e-002
  +1.02637643637e+000-j4.50726042361e-002
  +1.02615343911e+000-j4.72430133792e-002
  +1.02590897264e+000-j4.95120172013e-002
  +1.02564098463e+000-j5.18841231211e-002
  +1.02534722914e+000-j5.43640090601e-002
  +1.02502524894e+000-j5.69565261923e-002
  +1.02467235634e+000-j5.96667010225e-002
  +1.02428561230e+000-j6.24997366545e-002
  +1.02386180393e+000-j6.54610130870e-002
  +1.02339742011e+000-j6.85560863517e-002
  +1.02288862519e+000-j7.17906862811e-002
  +1.02233123060e+000-j7.51707126668e-002
  +1.02172066440e+000-j7.87022295319e-002
  +1.02105193852e+000-j8.23914572080e-002
  +1.02031961370e+000-j8.62447618668e-002
  +1.01951776212e+000-j9.02686421103e-002
  +1.01863992751e+000-j9.44697121779e-002
  +1.01767908290e+000-j9.88546812766e-002
  +1.01662758600e+000-j1.03430328483e-001
  +1.01547713224e+000-j1.08203472611e-001
  +1.01421870565e+000-j1.13180936374e-001
  +1.01284252780e+000-j1.18369504109e-001
  +1.01133800514e+000-j1.23775872270e-001
  +1.00969367511e+000-j1.29406591828e-001
  +1.00789715165e+000-j1.35268001671e-001
  +1.00593507069e+000-j1.41366152034e-001
  +1.00379303673e+000-j1.47706716955e-001
  +1.00145557139e+000-j1.54294894746e-001
  +9.98906065468e-001-j1.61135295435e-001
  +9.96126736005e-001-j1.68231814215e-001
  +9.93098590355e-001-j1.75587489959e-001
  +9.89801399510e-001-j1.83204348025e-001
  +9.86213683317e-001-j1.91083226732e-001
  +9.82312710600e-001-j1.99223587165e-001
  +9.78074517624e-001-j2.07623306320e-001
  +9.73473948710e-001-j2.16278454051e-001
  +9.68484723191e-001-j2.25183054871e-001
  +9.63079533271e-001-j2.34328836375e-001
  +9.57230177548e-001-j2.43704966918e-001
  +9.50907735168e-001-j2.53297786195e-001
  +9.44082785534e-001-j2.63090533552e-001
  +9.36725678273e-001-j2.73063080154e-001
  +9.28806857697e-001-j2.83191672609e-001
  +9.20297245135e-001-j2.93448697109e-001
  +9.11168681342e-001-j3.03802474724e-001
  +9.01394429518e-001-j3.14217099940e-001
  +8.90949737321e-001-j3.24652335814e-001
  +8.79812453657e-001-j3.35063580117e-001
  +8.67963692867e-001-j3.45401917363e-001
  +8.55388535408e-001-j3.55614271504e-001
  +8.42076750243e-001-j3.65643673164e-001
  +8.28023520142e-001-j3.75429653419e-001
  +8.13230147190e-001-j3.84908773129e-001
  +7.97704712255e-001-j3.94015292709e-001
  +7.81462659378e-001-j4.02681981910e-001
  +7.64527274360e-001-j4.10841062803e-001
  +7.46930026622e-001-j4.18425272017e-001
  +7.28710745002e-001-j4.25369020608e-001
  +7.09917601757e-001-j4.31609622358e-001
  +6.90606884802e-001-j4.37088554311e-001
  +6.70842545933e-001-j4.41752707585e-001
  +6.50695522267e-001-j4.45555582664e-001
  +6.30242838808e-001-j4.48458381873e-001
  +6.09566511216e-001-j4.50430953118e-001
  +5.88752278771e-001-j4.51452543259e-001
  +5.67888207180e-001-j4.51512326681e-001
  +5.47063208621e-001-j4.50609684264e-001
  +5.26365531400e-001-j4.48754219483e-001
  +5.05881273442e-001-j4.45965510857e-001
  +4.85692972423e-001-j4.42272612551e-001
  +4.65878320657e-001-j4.37713326613e-001
  +4.46509045469e-001-j4.32333280224e-001
  +4.27649986299e-001-j4.26184848884e-001
  +4.09358388955e-001-j4.19325971085e-001
  +3.91683426287e-001-j4.11818901743e-001
  +3.74665943735e-001-j4.03728950524e-001
  +3.58338418583e-001-j3.95123247598e-001
  +3.42725113779e-001-j3.86069573772e-001
  +3.27842401164e-001-j3.76635285133e-001
  +3.13699225118e-001-j3.66886354718e-001
  +3.00297675775e-001-j3.56886546100e-001
  +2.87633640983e-001-j3.46696726513e-001
  +2.75697507683e-001-j3.36374320671e-001
  +2.64474886107e-001-j3.25972900978e-001
  +2.53947333593e-001-j3.15541905554e-001
  +2.44093058768e-001-j3.05126472381e-001
  +2.34887590817e-001-j2.94767375862e-001
  +2.26304402479e-001-j2.84501051082e-001
  +2.18315478986e-001-j2.74359690838e-001
  +2.10891828366e-001-j2.64371401000e-001
  +2.04003931215e-001-j2.54560400660e-001
  +1.97622130223e-001-j2.44947254828e-001
  +1.91716961491e-001-j2.35549128862e-001
  +1.86259430894e-001-j2.26380055363e-001
  +1.81221239641e-001-j2.17451205775e-001
  +1.76574963693e-001-j2.08771160384e-001
  +1.72294191946e-001-j2.00346171744e-001
  +1.68353628156e-001-j1.92180417743e-001
  +1.64729161393e-001-j1.84276241561e-001
  +1.61397909621e-001-j1.76634376652e-001
  +1.58338240636e-001-j1.69254155636e-001
  +1.55529774219e-001-j1.62133702545e-001
  +1.52953368996e-001-j1.55270108396e-001
  +1.50591097054e-001-j1.48659590366e-001
  +1.48426209002e-001-j1.42297635178e-001
  +1.46443091789e-001-j1.36179127458e-001
  +1.44627221253e-001-j1.30298463970e-001
  +1.42965111051e-001-j1.24649654711e-001
  +1.41444259370e-001-j1.19226411901e-001
  +1.40053094541e-001-j1.14022227865e-001
  +1.38780920484e-001-j1.09030442844e-001
  +1.37617862722e-001-j1.04244303674e-001
  +1.36554815525e-001-j9.96570142871e-002
  +1.35583390652e-001-j9.52617788659e-002
  +1.34695867981e-001-j9.10518384780e-002
  +1.33885148294e-001-j8.70205019209e-002
  +1.33144708339e-001-j8.31611714555e-002
  +1.32468558282e-001-j7.94673640452e-002
  +1.31851201578e-001-j7.59327286566e-002
  +1.31287597252e-001-j7.25510601233e-002
  +1.30773124568e-001-j6.93163100203e-002
  +1.30303550019e-001-j6.62225949514e-002
  +1.29874996563e-001-j6.32642026030e-002
  +1.29483915012e-001-j6.04355958822e-002
  +1.29127057482e-001-j5.77314154158e-002
  +1.28801452783e-001-j5.51464806562e-002
</dep>
<dep S[2,2] frequency>
  +9.77215351404e-001-j3.53814126665e-002
  +9.75700415243e-001-j3.60324386172e-002
  +9.74132155707e-001-j3.66283288514e-002
  +9.72514727424e-001-j3.71637144514e-002
  +9.70852979947e-001-j3.76335864434e-002
  +9.69152418591e-001-j3.80334028689e-002
  +9.67419145879e-001-j3.83591910292e-002
  +9.65659784265e-001-j3.86076408582e-002
  +9.63881381794e-001-j3.87761854997e-002
  +9.62091303259e-001-j3.88630655335e-002
  +9.60297110279e-001-j3.88673739108e-002
  +9.58506434330e-001-j3.87890794875e-002
  +9.56726847252e-001-j3.86290280296e-002
  +9.54965733840e-001-j3.83889206340e-002
  +9.53230171061e-001-j3.80712705859e-002
  +9.51526818007e-001-j3.76793406711e-002
  +9.49861820063e-001-j3.72170638099e-002
  +9.48240729965e-001-j3.66889505220e-002
  +9.46668447483e-001-j3.60999871270e-002
  +9.45149178531e-001-j3.54555287328e-002
  +9.43686413539e-001-j3.47611909625e-002
  +9.42282924156e-001-j3.40227440627e-002
  +9.40940776609e-001-j3.32460125573e-002
  +9.39661359581e-001-j3.24367830236e-002
  +9.38445424108e-001-j3.16007219167e-002
  +9.37293132854e-001-j3.07433047148e-002
  +9.36204116125e-001-j2.98697570328e-002
  +9.35177532097e-001-j2.89850077999e-002
  +9.34212129005e-001-j2.80936541294e-002
  +9.33306307268e-001-j2.71999371424e-002
  +9.32458179942e-001-j2.63077277396e-002
  +9.31665630168e-001-j2.54205211462e-002
  +9.30926364657e-001-j2.45414389658e-002
  +9.30237962536e-001-j2.36732374663e-002
  +9.29597919186e-001-j2.28183208555e-002
  +9.29003684890e-001-j2.19787583922e-002
  +9.28452698341e-001-j2.11563042814e-002
  +9.27942415163e-001-j2.03524194316e-002
  +9.27470331754e-001-j1.95682942814e-002
  +9.27034004785e-001-j1.88048720369e-002
  +9.26631066773e-001-j1.80628717813e-002
  +9.26259238136e-001-j1.73428110390e-002
  +9.25916336170e-001-j1.66450274734e-002
  +9.25600281339e-001-j1.59696994909e-002
  +9.25309101287e-001-j1.53168655971e-002
  +9.25040932918e-001-j1.46864424150e-002
  +9.24794022866e-001-j1.40782413258e-002
  +9.24566726656e-001-j1.34919837313e-002
  +9.24357506802e-001-j1.29273149683e-002
  +9.24164930055e-001-j1.23838169251e-002
  +9.23987663995e-001-j1.18610194262e-002
  +9.23824473123e-001-j1.13584104571e-002
  +9.23674214572e-001-j1.08754453071e-002
  +9.23535833559e-001-j1.04115547073e-002
  +9.23408358657e-001-j9.96615203622e-003
  +9.23290896956e-001-j9.53863966374e-003
  +9.23182629181e-001-j9.12841449860e-003
  +9.23082804817e-001-j8.73487279735e-003
  +9.22990737278e-001-j8.35741429013e-003
  +9.22905799161e-001-j7.99544567342e-003
  +9.22827417631e-001-j7.64838351746e-003
  +9.22755069942e-001-j7.31565663390e-003
  +9.22688279159e-001-j6.99670794890e-003
  +9.22626610072e-001-j6.69099592661e-003
  +9.22569665351e-001-j6.39799558876e-003
  +9.22517081942e-001-j6.11719917649e-003
  +9.22468527732e-001-j5.84811650121e-003
  +9.22423698477e-001-j5.59027503094e-003
  +9.22382315006e-001-j5.34321975752e-003
  +9.22344120702e-001-j5.10651288852e-003
  +9.22308879236e-001-j4.87973340440e-003
  +9.22276372558e-001-j4.66247651836e-003
  +9.22246399120e-001-j4.45435307145e-003
  +9.22218772317e-001-j4.25498889132e-003
  +9.22193319121e-001-j4.06402413762e-003
  +9.22169878893e-001-j3.88111265255e-003
  +9.22148302341e-001-j3.70592133027e-003
  +9.22128450610e-001-j3.53812951485e-003
  +9.22110194495e-001-j3.37742843276e-003
  +9.22093413731e-001-j3.22352066283e-003
  +9.22077996373e-001-j3.07611964457e-003
  +9.22063838239e-001-j2.93494922334e-003
  +9.22050842405e-001-j2.79974323031e-003
  +9.22038918743e-001-j2.67024509366e-003
  +9.22027983498e-001-j2.54620747765e-003
  +9.22017958892e-001-j2.42739194570e-003
  +9.22008772755e-001-j2.31356864371e-003
  +9.22000358176e-001-j2.20451600053e-003
  +9.21992653177e-001-j2.10002044222e-003
  +9.21985600398e-001-j1.99987611769e-003
  +9.21979146803e-001-j1.90388463345e-003
  +9.21973243397e-001-j1.81185479561e-003
  +9.21967844958e-001-j1.72360235782e-003
  +9.21962909783e-001-j1.63894977394e-003
  +9.21958399448e-001-j1.55772595472e-003
  +9.21954278577e-001-j1.47976602793e-003
  +9.21950514628e-001-j1.40491110155e-003
  +9.21947077690e-001-j1.33300802983e-003
  +9.21943940288e-001-j1.26390918220e-003
  +9.21941077207e-001-j1.19747221492e-003
  +9.21938465318e-001-j1.13355984566e-003
  +9.21936083426e-001-j1.07203963098e-003
  +9.21933912119e-001-j1.01278374697e-003
  +9.21931933633e-001-j9.55668773055e-004
  +9.21930131720e-001-j9.00575479095e-004
  +9.21928491537e-001-j8.47388615958e-004
  +9.21926999529e-001-j7.95996709542e-004
  +9.21925643334e-001-j7.46291858342e-004
  +9.21924411686e-001-j6.98169534602e-004
  +9.21923294328e-001-j6.51528389008e-004
  +9.21922281939e-001-j6.06270058939e-004
  +9.21921366053e-001-j5.62298980173e-004
  +9.21920539002e-001-j5.19522202013e-004
  +9.21919793848e-001-j4.77849205693e-004
  +9.21919124333e-001-j4.37191725957e-004
  +9.21918524826e-001-j3.97463575665e-004
  +9.21917990279e-001-j3.58580473251e-004
  +9.21917516188e-001-j3.20459872871e-004
  +9.21917098553e-001-j2.83020797028e-004
  +9.21916733849e-001-j2.46183671484e-004
  +9.21916418996e-001-j2.09870162227e-004
  +9.21916151333e-001-j1.74003014271e-004
  +9.21915928599e-001-j1.38505892054e-004
  +9.21915748910e-001-j1.03303221178e-004
  +9.21915610748e-001-j6.83200312472e-005
  +9.21915512948e-001-j3.34817995362e-005
  +9.21915454684e-001+j1.28570476734e-006
  +9.21915435470e-001+j3.60565760272e-005
  +9.21915455149e-001+j7.09049275998e-005
  +9.21915513895e-001+j1.05905047535e-004
  +9.21915612217e-001+j1.41131554820e-004
  +9.21915750958e-001+j1.76659556462e-004
  +9.21915931307e-001+j2.12564805687e-004
  +9.21916154809e-001+j2.48923861574e-004
  +9.21916423375e-001+j2.85814250403e-004
  +9.21916739302e-001+j3.23314629038e-004
  +9.21917105289e-001+j3.61504950640e-004
  +9.21917524465e-001+j4.00466633033e-004
  +9.21918000411e-001+j4.40282730026e-004
  +9.21918537192e-001+j4.81038106016e-004
  +9.21919139395e-001+j5.22819614188e-004
  +9.21919812163e-001+j5.65716278639e-004
  +9.21920561240e-001+j6.09819480747e-004
  +9.21921393025e-001+j6.55223150110e-004
  +9.21922314620e-001+j7.02023960393e-004
  +9.21923333892e-001+j7.50321530393e-004
  +9.21924459545e-001+j8.00218630667e-004
  +9.21925701187e-001+j8.51821396033e-004
  +9.21927069417e-001+j9.05239544272e-004
  +9.21928575910e-001+j9.60586601342e-004
  +9.21930233523e-001+j1.01798013342e-003
  +9.21932056398e-001+j1.07754198606e-003
  +9.21934060086e-001+j1.13939853074e-003
  +9.21936261677e-001+j1.20368091910e-003
  +9.21938679946e-001+j1.27052534508e-003
  +9.21941335511e-001+j1.34007331516e-003
  +9.21944251007e-001+j1.41247192699e-003
  +9.21947451282e-001+j1.48787415639e-003
  +9.21950963599e-001+j1.56643915297e-003
  +9.21954817875e-001+j1.64833254432e-003
  +9.21959046926e-001+j1.73372674880e-003
  +9.21963686747e-001+j1.82280129673e-003
  +9.21968776813e-001+j1.91574315992e-003
  +9.21974360413e-001+j2.01274708907e-003
  +9.21980485008e-001+j2.11401595873e-003
  +9.21987202635e-001+j2.21976111907e-003
  +9.21994570332e-001+j2.33020275388e-003
  +9.22002650622e-001+j2.44557024359e-003
  +9.22011512025e-001+j2.56610253222e-003
  +9.22021229632e-001+j2.69204849672e-003
  +9.22031885718e-001+j2.82366731689e-003
  +9.22043570424e-001+j2.96122884353e-003
  +9.22056382497e-001+j3.10501396240e-003
  +9.22070430089e-001+j3.25531495065e-003
  +9.22085831644e-001+j3.41243582220e-003
  +9.22102716850e-001+j3.57669265750e-003
  +9.22121227686e-001+j3.74841391278e-003
  +9.22141519555e-001+j3.92794070272e-003
  +9.22163762517e-001+j4.11562704963e-003
  +9.22188142631e-001+j4.31184009125e-003
  +9.22214863407e-001+j4.51696023769e-003
  +9.22244147389e-001+j4.73138126705e-003
  +9.22276237852e-001+j4.95551034744e-003
  +9.22311400657e-001+j5.18976797122e-003
  +9.22349926236e-001+j5.43458778562e-003
  +9.22392131745e-001+j5.69041630134e-003
  +9.22438363368e-001+j5.95771245840e-003
  +9.22488998798e-001+j6.23694702579e-003
  +9.22544449890e-001+j6.52860180825e-003
  +9.22605165497e-001+j6.83316863042e-003
  +9.22671634482e-001+j7.15114806479e-003
  +9.22744388921e-001+j7.48304786602e-003
  +9.22824007483e-001+j7.82938107001e-003
  +9.22911118984e-001+j8.19066371171e-003
  +9.23006406106e-001+j8.56741211089e-003
  +9.23110609266e-001+j8.96013967049e-003
  +9.23224530598e-001+j9.36935312727e-003
  +9.23349038038e-001+j9.79554818983e-003
  +9.23485069452e-001+j1.02392044949e-002
  +9.23633636755e-001+j1.07007798088e-002
  +9.23795829964e-001+j1.11807033982e-002
  +9.23972821091e-001+j1.16793684924e-002
  +9.24165867772e-001+j1.21971237606e-002
  +9.24376316519e-001+j1.27342637279e-002
  +9.24605605441e-001+j1.32910180618e-002
  +9.24855266263e-001+j1.38675396684e-002
  +9.25126925448e-001+j1.44638915522e-002
  +9.25422304181e-001+j1.50800324139e-002
  +9.25743216980e-001+j1.57158009864e-002
  +9.26091568613e-001+j1.63708991440e-002
  +9.26469349033e-001+j1.70448738654e-002
  +9.26878625966e-001+j1.77370981832e-002
  +9.27321534801e-001+j1.84467513196e-002
  +9.27800265403e-001+j1.91727982849e-002
  +9.28317045478e-001+j1.99139693041e-002
  +9.28874120130e-001+j2.06687395356e-002
  +9.29473727293e-001+j2.14353096567e-002
  +9.30118068782e-001+j2.22115880033e-002
  +9.30809276795e-001+j2.29951750678e-002
  +9.31549375822e-001+j2.37833512720e-002
  +9.32340240091e-001+j2.45730690261e-002
  +9.33183546868e-001+j2.53609501635e-002
  +9.34080726159e-001+j2.61432898782e-002
  +9.35032907661e-001+j2.69160682849e-002
  +9.36040866061e-001+j2.76749706516e-002
  +9.37104966116e-001+j2.84154172137e-002
  +9.38225109232e-001+j2.91326032529e-002
  +9.39400683533e-001+j2.98215498088e-002
  +9.40630519606e-001+j3.04771649924e-002
  +9.41912854270e-001+j3.10943153859e-002
  +9.43245304681e-001+j3.16679064709e-002
  +9.44624855031e-001+j3.21929704507e-002
  +9.46047857752e-001+j3.26647592526e-002
  +9.47510050765e-001+j3.30788399713e-002
  +9.49006591688e-001+j3.34311895770e-002
  +9.50532109215e-001+j3.37182854172e-002
  +9.52080771070e-001+j3.39371879353e-002
  +9.53646367089e-001+j3.40856121256e-002
  +9.55222405157e-001+j3.41619845741e-002
  +9.56802217004e-001+j3.41654834774e-002
  +9.58379070268e-001+j3.40960597613e-002
  +9.59946282851e-001+j3.39544382955e-002
  +9.61497335483e-001+j3.37420991440e-002
  +9.63025978472e-001+j3.34612397465e-002
  +9.64526329014e-001+j3.31147198064e-002
  +9.65992955970e-001+j3.27059914162e-002
  +9.67420949744e-001+j3.22390175156e-002
  +9.68805975727e-001+j3.17181821332e-002
  +9.70144310586e-001+j3.11481959906e-002
  +9.71432861535e-001+j3.05340009636e-002
  +9.72669169417e-001+j2.98806766176e-002
  +9.73851397058e-001+j2.91933516198e-002
  +9.74978304796e-001+j2.84771223054e-002
  +9.76049215366e-001+j2.77369801060e-002
  +9.77063970504e-001+j2.69777489653e-002
  +9.78022881578e-001+j2.62040333206e-002
  +9.78926676480e-001+j2.54201767370e-002
  +9.79776444792e-001+j2.46302308684e-002
  +9.80573582975e-001+j2.38379340970e-002
  +9.81319741055e-001+j2.30466989634e-002
  +9.82016771942e-001+j2.22596073523e-002
  +9.82666684257e-001+j2.14794123171e-002
  +9.83271599256e-001+j2.07085454153e-002
  +9.83833712186e-001+j1.99491284589e-002
  +9.84355258232e-001+j1.92029886559e-002
  +9.84838483019e-001+j1.84716762163e-002
  +9.85285617530e-001+j1.77564836018e-002
  +9.85698857172e-001+j1.70584657195e-002
  +9.86080344705e-001+j1.63784604714e-002
  +9.86432156653e-001+j1.57171091809e-002
  +9.86756292840e-001+j1.50748765217e-002
  +9.87054668672e-001+j1.44520696609e-002
  +9.87329109805e-001+j1.38488564086e-002
  +9.87581348844e-001+j1.32652822336e-002
  +9.87813023754e-001+j1.27012860581e-002
  +9.88025677704e-001+j1.21567147927e-002
  +9.88220760054e-001+j1.16313366065e-002
  +9.88399628283e-001+j1.11248529553e-002
  +9.88563550633e-001+j1.06369094130e-002
  +9.88713709300e-001+j1.01671053630e-002
  +9.88851204030e-001+j9.71500262018e-003
  +9.88977055985e-001+j9.28013305604e-003
  +9.89092211778e-001+j8.86200530537e-003
  +9.89197547589e-001+j8.46011063134e-003
  +9.89293873301e-001+j8.07392802551e-003
  +9.89381936580e-001+j7.70292861583e-003
  +9.89462426884e-001+j7.34657945243e-003
  +9.89535979340e-001+j7.00434673651e-003
  +9.89603178482e-001+j6.67569855310e-003
  +9.89664561831e-001+j6.36010716356e-003
  +9.89720623288e-001+j6.05705090914e-003
  +9.89771816366e-001+j5.76601577204e-003
  +9.89818557219e-001+j5.48649663598e-003
  +9.89861227505e-001+j5.21799828425e-003
  +9.89900177055e-001+j4.96003616899e-003
  +9.89935726378e-001+j4.71213698191e-003
  +9.89968168984e-001+j4.47383905334e-003
  +9.89997773554e-001+j4.24469260330e-003
  +9.90024785949e-001+j4.02425986558e-003
  +9.90049431070e-001+j3.81211510324e-003
</dep>
<indep Pr1.V 1>
  +6.61842971223e+000
</indep>
<indep Pr2.V 1>
  +5.36457546501e+000
</indep>
<indep Pr3.V 1>
  +5.98652087219e+000
</indep>
<indep Pr4.V 1>
  +1.19931676134e+001
</indep>
<indep V1.I 1>
  -6.83238664566e-004
</indep>
<indep _net3.V 1>
  +6.61842971223e+000
</indep>
<indep _net4.V 1>
  +1.19931676134e+001
</indep>
<indep _net1.V 1>
  +5.98799593110e+000
</indep>
<indep _net5.V 1>
  +5.36457546501e+000
</indep>
<indep _net2.V 1>
  +5.98504581328e+000
</indep>
<indep _net10.V 1>
  +5.99150258862e+000
</indep>
<indep _net9.V 1>
  +6.61842971223e+000
</indep>
<indep _net0.V 1>
  +5.98652087219e+000
</indep>
<indep _net8.V 1>
  +0.00000000000e+000
</indep>
<indep _net6.V 1>
  +1.20000000000e+001
</indep>
<indep _net7.V 1>
  +0.00000000000e+000
</indep>
