<Qucs Dataset 0.0.18>
<indep vol 101>
  +0.00000000000e+000
  +5.00000000000e-002
  +1.00000000000e-001
  +1.50000000000e-001
  +2.00000000000e-001
  +2.50000000000e-001
  +3.00000000000e-001
  +3.50000000000e-001
  +4.00000000000e-001
  +4.50000000000e-001
  +5.00000000000e-001
  +5.50000000000e-001
  +6.00000000000e-001
  +6.50000000000e-001
  +7.00000000000e-001
  +7.50000000000e-001
  +8.00000000000e-001
  +8.50000000000e-001
  +9.00000000000e-001
  +9.50000000000e-001
  +1.00000000000e+000
  +1.05000000000e+000
  +1.10000000000e+000
  +1.15000000000e+000
  +1.20000000000e+000
  +1.25000000000e+000
  +1.30000000000e+000
  +1.35000000000e+000
  +1.40000000000e+000
  +1.45000000000e+000
  +1.50000000000e+000
  +1.55000000000e+000
  +1.60000000000e+000
  +1.65000000000e+000
  +1.70000000000e+000
  +1.75000000000e+000
  +1.80000000000e+000
  +1.85000000000e+000
  +1.90000000000e+000
  +1.95000000000e+000
  +2.00000000000e+000
  +2.05000000000e+000
  +2.10000000000e+000
  +2.15000000000e+000
  +2.20000000000e+000
  +2.25000000000e+000
  +2.30000000000e+000
  +2.35000000000e+000
  +2.40000000000e+000
  +2.45000000000e+000
  +2.50000000000e+000
  +2.55000000000e+000
  +2.60000000000e+000
  +2.65000000000e+000
  +2.70000000000e+000
  +2.75000000000e+000
  +2.80000000000e+000
  +2.85000000000e+000
  +2.90000000000e+000
  +2.95000000000e+000
  +3.00000000000e+000
  +3.05000000000e+000
  +3.10000000000e+000
  +3.15000000000e+000
  +3.20000000000e+000
  +3.25000000000e+000
  +3.30000000000e+000
  +3.35000000000e+000
  +3.40000000000e+000
  +3.45000000000e+000
  +3.50000000000e+000
  +3.55000000000e+000
  +3.60000000000e+000
  +3.65000000000e+000
  +3.70000000000e+000
  +3.75000000000e+000
  +3.80000000000e+000
  +3.85000000000e+000
  +3.90000000000e+000
  +3.95000000000e+000
  +4.00000000000e+000
  +4.05000000000e+000
  +4.10000000000e+000
  +4.15000000000e+000
  +4.20000000000e+000
  +4.25000000000e+000
  +4.30000000000e+000
  +4.35000000000e+000
  +4.40000000000e+000
  +4.45000000000e+000
  +4.50000000000e+000
  +4.55000000000e+000
  +4.60000000000e+000
  +4.65000000000e+000
  +4.70000000000e+000
  +4.75000000000e+000
  +4.80000000000e+000
  +4.85000000000e+000
  +4.90000000000e+000
  +4.95000000000e+000
  +5.00000000000e+000
</indep>
<dep y vol>
  +2.76755920630e-006
  +2.76708774435e-006
  +2.76671839882e-006
  +2.77290151206e-006
  +3.19338626082e-006
  +3.15189563240e-005
  +1.93141685540e-004
  +5.70406450934e-004
  +9.75729058648e-004
  +1.38906881760e-003
  +1.80659924938e-003
  +2.22680690836e-003
  +2.64890362238e-003
  +3.07241407164e-003
  +3.49702422120e-003
  +3.92251324783e-003
  +4.34871865229e-003
  +4.77551662144e-003
  +5.20281017896e-003
  +5.63052163221e-003
  +6.05858755114e-003
  +6.48695530364e-003
  +6.91558060181e-003
  +7.34442571123e-003
  +7.77345812579e-003
  +8.20264955714e-003
  +8.63197516477e-003
  +9.06141294793e-003
  +9.49094326867e-003
  +9.92054846922e-003
  +1.03502125606e-002
  +1.07799209723e-002
  +1.12096603417e-002
  +1.16394183421e-002
  +1.20691835361e-002
  +1.24989452560e-002
  +1.29286934977e-002
  +1.33584188341e-002
  +1.37881123358e-002
  +1.42177655085e-002
  +1.46473702340e-002
  +1.50769187202e-002
  +1.55064034570e-002
  +1.59358171773e-002
  +1.63651528227e-002
  +1.67944035125e-002
  +1.72235625157e-002
  +1.76526232261e-002
  +1.80815791387e-002
  +1.85104238304e-002
  +1.89391509397e-002
  +1.93677541496e-002
  +1.97962271715e-002
  +2.02245637291e-002
  +2.06527575453e-002
  +2.10808023274e-002
  +2.15086917552e-002
  +2.19364194695e-002
  +2.23639790580e-002
  +2.27913640469e-002
  +2.32185678877e-002
  +2.36455839477e-002
  +2.40724054992e-002
  +2.44990257090e-002
  +2.49254376289e-002
  +2.53516341852e-002
  +2.57776081681e-002
  +2.62033522231e-002
  +2.66288588391e-002
  +2.70541203394e-002
  +2.74791288713e-002
  +2.79038763957e-002
  +2.83283546747e-002
  +2.87525552652e-002
  +2.91764695028e-002
  +2.96000884939e-002
  +3.00234031028e-002
  +3.04464039401e-002
  +3.08690813510e-002
  +3.12914254030e-002
  +3.17134258705e-002
  +3.21350722265e-002
  +3.25563536239e-002
  +3.29772588846e-002
  +3.33977764913e-002
  +3.38178945456e-002
  +3.42376007768e-002
  +3.46568825490e-002
  +3.50757267867e-002
  +3.54941199824e-002
  +3.59120482173e-002
  +3.63294970828e-002
  +3.67464517052e-002
  +3.71628966801e-002
  +3.75788161097e-002
  +3.79941988569e-002
  +3.84090206770e-002
  +3.88232592132e-002
  +3.92369168494e-002
  +3.96499541720e-002
  +4.00623585523e-002
</dep>
<dep Pr2.V vol>
  +2.31155760676e-003
  +3.78166843357e-003
  +5.25177952573e-003
  +6.72189248354e-003
  +8.19209282535e-003
  +9.73639593400e-003
  +8.78633590263e-002
  +4.02661253283e-001
  +7.47859853328e-001
  +1.10143062475e+000
  +1.45926679804e+000
  +1.81977818888e+000
  +2.18215082957e+000
  +2.54590051949e+000
  +2.91071080437e+000
  +3.27636106624e+000
  +3.64269006583e+000
  +4.00957562079e+000
  +4.37692244631e+000
  +4.74465446554e+000
  +5.11270973034e+000
  +5.48103693930e+000
  +5.84959298109e+000
  +6.21834115483e+000
  +6.58724985323e+000
  +6.95629156786e+000
  +7.32544212761e+000
  +7.69468010494e+000
  +8.06398634718e+000
  +8.43334360303e+000
  +8.80273622040e+000
  +9.17214990051e+000
  +9.54157149524e+000
  +9.91098883990e+000
  +1.02803906112e+001
  +1.06497662107e+001
  +1.10191056635e+001
  +1.13883995327e+001
  +1.17576388452e+001
  +1.21268150293e+001
  +1.24959198575e+001
  +1.28649454000e+001
  +1.32338839800e+001
  +1.36027281370e+001
  +1.39714705938e+001
  +1.43401042248e+001
  +1.47086220302e+001
  +1.50770171112e+001
  +1.54452826472e+001
  +1.58134118756e+001
  +1.61813980741e+001
  +1.65492345412e+001
  +1.69169145813e+001
  +1.72844314898e+001
  +1.76517785376e+001
  +1.80189489584e+001
  +1.83859359354e+001
  +1.87527325888e+001
  +1.91193319639e+001
  +1.94857270197e+001
  +1.98519106167e+001
  +2.02178755069e+001
  +2.05836143220e+001
  +2.09491195631e+001
  +2.13143835893e+001
  +2.16793986077e+001
  +2.20441566619e+001
  +2.24086496222e+001
  +2.27728691728e+001
  +2.31368068033e+001
  +2.35004537953e+001
  +2.38638012121e+001
  +2.42268398869e+001
  +2.45895604110e+001
  +2.49519531215e+001
  +2.53140080887e+001
  +2.56757151039e+001
  +2.60370636656e+001
  +2.63980429665e+001
  +2.67586418798e+001
  +2.71188489433e+001
  +2.74786523468e+001
  +2.78380399155e+001
  +2.81969990942e+001
  +2.85555169412e+001
  +2.89135800768e+001
  +2.92711746961e+001
  +2.96282865804e+001
  +2.99849010068e+001
  +3.03410027574e+001
  +3.06965761515e+001
  +3.10516049450e+001
  +3.14060723660e+001
  +3.17599610355e+001
  +3.21132530157e+001
  +3.24659450114e+001
  +3.28179910719e+001
  +3.31693700749e+001
  +3.35201002269e+001
  +3.38701214848e+001
  +3.42194247449e+001
</dep>
<dep V1.I vol>
  -2.76755920630e-006
  -2.76708774435e-006
  -2.76671839882e-006
  -2.77290151206e-006
  -3.19338626082e-006
  -3.15189563240e-005
  -1.93141685540e-004
  -5.70406450934e-004
  -9.75729058648e-004
  -1.38906881760e-003
  -1.80659924938e-003
  -2.22680690836e-003
  -2.64890362238e-003
  -3.07241407164e-003
  -3.49702422120e-003
  -3.92251324783e-003
  -4.34871865229e-003
  -4.77551662144e-003
  -5.20281017896e-003
  -5.63052163221e-003
  -6.05858755114e-003
  -6.48695530364e-003
  -6.91558060181e-003
  -7.34442571123e-003
  -7.77345812579e-003
  -8.20264955714e-003
  -8.63197516477e-003
  -9.06141294793e-003
  -9.49094326867e-003
  -9.92054846922e-003
  -1.03502125606e-002
  -1.07799209723e-002
  -1.12096603417e-002
  -1.16394183421e-002
  -1.20691835361e-002
  -1.24989452560e-002
  -1.29286934977e-002
  -1.33584188341e-002
  -1.37881123358e-002
  -1.42177655085e-002
  -1.46473702340e-002
  -1.50769187202e-002
  -1.55064034570e-002
  -1.59358171773e-002
  -1.63651528227e-002
  -1.67944035125e-002
  -1.72235625157e-002
  -1.76526232261e-002
  -1.80815791387e-002
  -1.85104238304e-002
  -1.89391509397e-002
  -1.93677541496e-002
  -1.97962271715e-002
  -2.02245637291e-002
  -2.06527575453e-002
  -2.10808023274e-002
  -2.15086917552e-002
  -2.19364194695e-002
  -2.23639790580e-002
  -2.27913640469e-002
  -2.32185678877e-002
  -2.36455839477e-002
  -2.40724054992e-002
  -2.44990257090e-002
  -2.49254376289e-002
  -2.53516341852e-002
  -2.57776081681e-002
  -2.62033522231e-002
  -2.66288588391e-002
  -2.70541203394e-002
  -2.74791288713e-002
  -2.79038763957e-002
  -2.83283546747e-002
  -2.87525552652e-002
  -2.91764695028e-002
  -2.96000884939e-002
  -3.00234031028e-002
  -3.04464039401e-002
  -3.08690813510e-002
  -3.12914254030e-002
  -3.17134258705e-002
  -3.21350722265e-002
  -3.25563536239e-002
  -3.29772588846e-002
  -3.33977764913e-002
  -3.38178945456e-002
  -3.42376007768e-002
  -3.46568825490e-002
  -3.50757267867e-002
  -3.54941199824e-002
  -3.59120482173e-002
  -3.63294970828e-002
  -3.67464517052e-002
  -3.71628966801e-002
  -3.75788161097e-002
  -3.79941988569e-002
  -3.84090206770e-002
  -3.88232592132e-002
  -3.92369168494e-002
  -3.96499541720e-002
  -4.00623585523e-002
</dep>
<dep V2.I vol>
  +0.00000000000e+000
  +0.00000000000e+000
  +0.00000000000e+000
  +0.00000000000e+000
  +0.00000000000e+000
  +0.00000000000e+000
  +0.00000000000e+000
  +0.00000000000e+000
  +0.00000000000e+000
  +0.00000000000e+000
  +0.00000000000e+000
  +0.00000000000e+000
  +0.00000000000e+000
  +0.00000000000e+000
  +0.00000000000e+000
  +0.00000000000e+000
  +0.00000000000e+000
  +0.00000000000e+000
  +0.00000000000e+000
  +0.00000000000e+000
  +0.00000000000e+000
  +0.00000000000e+000
  +0.00000000000e+000
  +0.00000000000e+000
  +0.00000000000e+000
  +0.00000000000e+000
  +0.00000000000e+000
  +0.00000000000e+000
  +0.00000000000e+000
  +0.00000000000e+000
  +0.00000000000e+000
  +0.00000000000e+000
  +0.00000000000e+000
  +0.00000000000e+000
  +0.00000000000e+000
  +0.00000000000e+000
  +0.00000000000e+000
  +0.00000000000e+000
  +0.00000000000e+000
  +0.00000000000e+000
  +0.00000000000e+000
  +0.00000000000e+000
  +0.00000000000e+000
  +0.00000000000e+000
  +0.00000000000e+000
  +0.00000000000e+000
  +0.00000000000e+000
  +0.00000000000e+000
  +0.00000000000e+000
  +0.00000000000e+000
  +0.00000000000e+000
  +0.00000000000e+000
  +0.00000000000e+000
  +0.00000000000e+000
  +0.00000000000e+000
  +0.00000000000e+000
  +0.00000000000e+000
  +0.00000000000e+000
  +0.00000000000e+000
  +0.00000000000e+000
  +0.00000000000e+000
  +0.00000000000e+000
  +0.00000000000e+000
  +0.00000000000e+000
  +0.00000000000e+000
  +0.00000000000e+000
  +0.00000000000e+000
  +0.00000000000e+000
  +0.00000000000e+000
  +0.00000000000e+000
  +0.00000000000e+000
  +0.00000000000e+000
  +0.00000000000e+000
  +0.00000000000e+000
  +0.00000000000e+000
  +0.00000000000e+000
  +0.00000000000e+000
  +0.00000000000e+000
  +0.00000000000e+000
  +0.00000000000e+000
  +0.00000000000e+000
  +0.00000000000e+000
  +0.00000000000e+000
  +0.00000000000e+000
  +0.00000000000e+000
  +0.00000000000e+000
  +0.00000000000e+000
  +0.00000000000e+000
  +0.00000000000e+000
  +0.00000000000e+000
  +0.00000000000e+000
  +0.00000000000e+000
  +0.00000000000e+000
  +0.00000000000e+000
  +0.00000000000e+000
  +0.00000000000e+000
  +0.00000000000e+000
  +0.00000000000e+000
  +0.00000000000e+000
  +0.00000000000e+000
  +0.00000000000e+000
</dep>
<dep Pr1.I vol>
  +2.31155760676e-006
  +3.78166843357e-006
  +5.25177952573e-006
  +6.72189248354e-006
  +8.19209282535e-006
  +9.73639593400e-006
  +8.78633590263e-005
  +4.02661253283e-004
  +7.47859853328e-004
  +1.10143062475e-003
  +1.45926679804e-003
  +1.81977818888e-003
  +2.18215082957e-003
  +2.54590051949e-003
  +2.91071080437e-003
  +3.27636106624e-003
  +3.64269006583e-003
  +4.00957562079e-003
  +4.37692244631e-003
  +4.74465446554e-003
  +5.11270973034e-003
  +5.48103693930e-003
  +5.84959298109e-003
  +6.21834115483e-003
  +6.58724985323e-003
  +6.95629156786e-003
  +7.32544212761e-003
  +7.69468010494e-003
  +8.06398634718e-003
  +8.43334360303e-003
  +8.80273622040e-003
  +9.17214990051e-003
  +9.54157149524e-003
  +9.91098883990e-003
  +1.02803906112e-002
  +1.06497662107e-002
  +1.10191056635e-002
  +1.13883995327e-002
  +1.17576388452e-002
  +1.21268150293e-002
  +1.24959198575e-002
  +1.28649454000e-002
  +1.32338839800e-002
  +1.36027281370e-002
  +1.39714705938e-002
  +1.43401042248e-002
  +1.47086220302e-002
  +1.50770171112e-002
  +1.54452826472e-002
  +1.58134118756e-002
  +1.61813980741e-002
  +1.65492345412e-002
  +1.69169145813e-002
  +1.72844314898e-002
  +1.76517785376e-002
  +1.80189489584e-002
  +1.83859359354e-002
  +1.87527325888e-002
  +1.91193319639e-002
  +1.94857270197e-002
  +1.98519106167e-002
  +2.02178755069e-002
  +2.05836143220e-002
  +2.09491195631e-002
  +2.13143835893e-002
  +2.16793986077e-002
  +2.20441566619e-002
  +2.24086496222e-002
  +2.27728691728e-002
  +2.31368068033e-002
  +2.35004537953e-002
  +2.38638012121e-002
  +2.42268398869e-002
  +2.45895604110e-002
  +2.49519531215e-002
  +2.53140080887e-002
  +2.56757151039e-002
  +2.60370636656e-002
  +2.63980429665e-002
  +2.67586418798e-002
  +2.71188489433e-002
  +2.74786523468e-002
  +2.78380399155e-002
  +2.81969990942e-002
  +2.85555169412e-002
  +2.89135800768e-002
  +2.92711746961e-002
  +2.96282865804e-002
  +2.99849010068e-002
  +3.03410027574e-002
  +3.06965761515e-002
  +3.10516049450e-002
  +3.14060723660e-002
  +3.17599610355e-002
  +3.21132530157e-002
  +3.24659450114e-002
  +3.28179910719e-002
  +3.31693700749e-002
  +3.35201002269e-002
  +3.38701214848e-002
  +3.42194247449e-002
</dep>
<dep _net0.V vol>
  +3.32314398831e-001
  +3.33779344536e-001
  +3.35244292432e-001
  +3.36709262470e-001
  +3.38175320314e-001
  +3.40551456646e-001
  +5.10506069143e-001
  +8.67068545358e-001
  +1.22870230793e+000
  +1.59251893819e+000
  +1.95780691883e+000
  +2.32417947102e+000
  +2.69138684202e+000
  +3.05925436882e+000
  +3.42765363860e+000
  +3.79648677883e+000
  +4.16567707925e+000
  +4.53516303395e+000
  +4.90489437915e+000
  +5.27482935926e+000
  +5.64493278696e+000
  +6.01517462824e+000
  +6.38552895199e+000
  +6.75597313377e+000
  +7.12648724353e+000
  +7.49705356643e+000
  +7.86765622540e+000
  +8.23828087837e+000
  +8.60891447338e+000
  +8.97954504932e+000
  +9.35016157111e+000
  +9.72075379327e+000
  +1.00913121454e+001
  +1.04618276364e+001
  +1.08322917713e+001
  +1.12026964824e+001
  +1.15730340691e+001
  +1.19432971450e+001
  +1.23134785925e+001
  +1.26835715246e+001
  +1.30535692474e+001
  +1.34234652315e+001
  +1.37932530821e+001
  +1.41629265155e+001
  +1.45324793371e+001
  +1.49019054192e+001
  +1.52711986845e+001
  +1.56403530877e+001
  +1.60093626004e+001
  +1.63782211960e+001
  +1.67469228372e+001
  +1.71154614611e+001
  +1.74838309688e+001
  +1.78520252133e+001
  +1.82200379882e+001
  +1.85878630168e+001
  +1.89554939424e+001
  +1.93229243177e+001
  +1.96901475951e+001
  +2.00571571170e+001
  +2.04239461058e+001
  +2.07905076552e+001
  +2.11568347197e+001
  +2.15229201060e+001
  +2.18887564622e+001
  +2.22543362698e+001
  +2.26196518323e+001
  +2.29846952665e+001
  +2.33494584914e+001
  +2.37139332191e+001
  +2.40781109431e+001
  +2.44419829285e+001
  +2.48055402003e+001
  +2.51687735329e+001
  +2.55316734376e+001
  +2.58942301510e+001
  +2.62564336231e+001
  +2.66182735037e+001
  +2.69797391301e+001
  +2.73408195133e+001
  +2.77015033232e+001
  +2.80617788755e+001
  +2.84216341155e+001
  +2.87810566033e+001
  +2.91400334871e+001
  +2.94985515230e+001
  +2.98565970196e+001
  +3.02141558080e+001
  +3.05712132766e+001
  +3.09277543226e+001
  +3.12837633076e+001
  +3.16392240833e+001
  +3.19941199367e+001
  +3.23484335954e+001
  +3.27021471737e+001
  +3.30552679385e+001
  +3.34077288982e+001
  +3.37595132798e+001
  +3.41106583008e+001
  +3.44610850166e+001
  +3.48107906925e+001
</dep>
<dep _net1.V vol>
  +3.60000000000e+001
  +3.60000000000e+001
  +3.60000000000e+001
  +3.60000000000e+001
  +3.60000000000e+001
  +3.60000000000e+001
  +3.60000000000e+001
  +3.60000000000e+001
  +3.60000000000e+001
  +3.60000000000e+001
  +3.60000000000e+001
  +3.60000000000e+001
  +3.60000000000e+001
  +3.60000000000e+001
  +3.60000000000e+001
  +3.60000000000e+001
  +3.60000000000e+001
  +3.60000000000e+001
  +3.60000000000e+001
  +3.60000000000e+001
  +3.60000000000e+001
  +3.60000000000e+001
  +3.60000000000e+001
  +3.60000000000e+001
  +3.60000000000e+001
  +3.60000000000e+001
  +3.60000000000e+001
  +3.60000000000e+001
  +3.60000000000e+001
  +3.60000000000e+001
  +3.60000000000e+001
  +3.60000000000e+001
  +3.60000000000e+001
  +3.60000000000e+001
  +3.60000000000e+001
  +3.60000000000e+001
  +3.60000000000e+001
  +3.60000000000e+001
  +3.60000000000e+001
  +3.60000000000e+001
  +3.60000000000e+001
  +3.60000000000e+001
  +3.60000000000e+001
  +3.60000000000e+001
  +3.60000000000e+001
  +3.60000000000e+001
  +3.60000000000e+001
  +3.60000000000e+001
  +3.60000000000e+001
  +3.60000000000e+001
  +3.60000000000e+001
  +3.60000000000e+001
  +3.60000000000e+001
  +3.60000000000e+001
  +3.60000000000e+001
  +3.60000000000e+001
  +3.60000000000e+001
  +3.60000000000e+001
  +3.60000000000e+001
  +3.60000000000e+001
  +3.60000000000e+001
  +3.60000000000e+001
  +3.60000000000e+001
  +3.60000000000e+001
  +3.60000000000e+001
  +3.60000000000e+001
  +3.60000000000e+001
  +3.60000000000e+001
  +3.60000000000e+001
  +3.60000000000e+001
  +3.60000000000e+001
  +3.60000000000e+001
  +3.60000000000e+001
  +3.60000000000e+001
  +3.60000000000e+001
  +3.60000000000e+001
  +3.60000000000e+001
  +3.60000000000e+001
  +3.60000000000e+001
  +3.60000000000e+001
  +3.60000000000e+001
  +3.60000000000e+001
  +3.60000000000e+001
  +3.60000000000e+001
  +3.60000000000e+001
  +3.60000000000e+001
  +3.60000000000e+001
  +3.60000000000e+001
  +3.60000000000e+001
  +3.60000000000e+001
  +3.60000000000e+001
  +3.60000000000e+001
  +3.60000000000e+001
  +3.60000000000e+001
  +3.60000000000e+001
  +3.60000000000e+001
  +3.60000000000e+001
  +3.60000000000e+001
  +3.60000000000e+001
  +3.60000000000e+001
  +3.60000000000e+001
</dep>
<dep _net3.V vol>
  +3.01038982531e-003
  +3.01051429777e-003
  +3.01075347881e-003
  +3.01777441740e-003
  +3.44343087810e-003
  +1.64739702143e-001
  +7.68675822087e-001
  +1.16945349683e+000
  +1.54709861375e+000
  +1.92069228586e+000
  +2.29302866753e+000
  +2.66492237570e+000
  +3.03667628930e+000
  +3.40841506999e+000
  +3.78019044700e+000
  +4.15202129087e+000
  +4.52391082455e+000
  +4.89585464894e+000
  +5.26784470569e+000
  +5.63987130578e+000
  +6.01192419295e+000
  +6.38399309624e+000
  +6.75606801463e+000
  +7.12813935012e+000
  +7.50019796046e+000
  +7.87223516397e+000
  +8.24424272330e+000
  +8.61621281450e+000
  +8.98813799119e+000
  +9.36001114851e+000
  +9.73182548504e+000
  +1.01035744693e+001
  +1.04752518063e+001
  +1.08468514082e+001
  +1.12183673657e+001
  +1.15897939234e+001
  +1.19611254573e+001
  +1.23323564524e+001
  +1.27034814837e+001
  +1.30744952000e+001
  +1.34453923051e+001
  +1.38161675454e+001
  +1.41868156935e+001
  +1.45573315370e+001
  +1.49277098662e+001
  +1.52979454615e+001
  +1.56680330841e+001
  +1.60379674654e+001
  +1.64077432963e+001
  +1.67773552194e+001
  +1.71467978193e+001
  +1.75160656134e+001
  +1.78851530445e+001
  +1.82540544717e+001
  +1.86227641628e+001
  +1.89912762854e+001
  +1.93595849002e+001
  +1.97276839519e+001
  +2.00955672620e+001
  +2.04632285203e+001
  +2.08306612772e+001
  +2.11978589357e+001
  +2.15648147426e+001
  +2.19315217810e+001
  +2.22979729607e+001
  +2.26641610111e+001
  +2.30300784705e+001
  +2.33957176788e+001
  +2.37610707664e+001
  +2.41261296463e+001
  +2.44908860032e+001
  +2.48553312837e+001
  +2.52194566855e+001
  +2.55832531477e+001
  +2.59467113381e+001
  +2.63098216426e+001
  +2.66725741532e+001
  +2.70349586551e+001
  +2.73969646150e+001
  +2.77585811668e+001
  +2.81197970978e+001
  +2.84806008356e+001
  +2.88409804324e+001
  +2.92009235497e+001
  +2.95604174341e+001
  +2.99194489329e+001
  +3.02780044392e+001
  +3.06360698739e+001
  +3.09936307031e+001
  +3.13506718959e+001
  +3.17071778911e+001
  +3.20631326065e+001
  +3.24185193962e+001
  +3.27733210450e+001
  +3.31275197272e+001
  +3.34811341553e+001
  +3.38340745361e+001
  +3.41863292961e+001
  +3.45379546344e+001
  +3.48888527127e+001
  +3.52390271475e+001
</dep>
<dep _net4.V vol>
  +3.59999993975e+001
  +3.59999992890e+001
  +3.59999922573e+001
  +3.59995397855e+001
  +3.59709203716e+001
  +3.54980676443e+001
  +3.54560623642e+001
  +3.54446870461e+001
  +3.54371432871e+001
  +3.54312965926e+001
  +3.54264826307e+001
  +3.54223740164e+001
  +3.54187804454e+001
  +3.54155803616e+001
  +3.54126910290e+001
  +3.54100534503e+001
  +3.54076240158e+001
  +3.54053695504e+001
  +3.54032642150e+001
  +3.54012874830e+001
  +3.53994227722e+001
  +3.53976564917e+001
  +3.53959773608e+001
  +3.53943759122e+001
  +3.53928441214e+001
  +3.53913751274e+001
  +3.53899630168e+001
  +3.53886026568e+001
  +3.53872895626e+001
  +3.53860197928e+001
  +3.53847898642e+001
  +3.53835966830e+001
  +3.53824374889e+001
  +3.53813098079e+001
  +3.53802114142e+001
  +3.53791402976e+001
  +3.53780946361e+001
  +3.53770727732e+001
  +3.53760731977e+001
  +3.53750945274e+001
  +3.53741354941e+001
  +3.53731949317e+001
  +3.53722717649e+001
  +3.53713649999e+001
  +3.53704737161e+001
  +3.53695970590e+001
  +3.53687342338e+001
  +3.53678844994e+001
  +3.53670471640e+001
  +3.53662215803e+001
  +3.53654071418e+001
  +3.53646032788e+001
  +3.53638094558e+001
  +3.53630251683e+001
  +3.53622499407e+001
  +3.53614833232e+001
  +3.53607248906e+001
  +3.53599742399e+001
  +3.53592309886e+001
  +3.53584947735e+001
  +3.53577652488e+001
  +3.53570420854e+001
  +3.53563249690e+001
  +3.53556135997e+001
  +3.53549076905e+001
  +3.53542069669e+001
  +3.53535111654e+001
  +3.53528200335e+001
  +3.53521333282e+001
  +3.53514508160e+001
  +3.53507722719e+001
  +3.53500974790e+001
  +3.53494262280e+001
  +3.53487583166e+001
  +3.53480935490e+001
  +3.53474317358e+001
  +3.53467726932e+001
  +3.53461162430e+001
  +3.53454622120e+001
  +3.53448104318e+001
  +3.53441607383e+001
  +3.53435129720e+001
  +3.53428669771e+001
  +3.53422226014e+001
  +3.53415796952e+001
  +3.53409381141e+001
  +3.53402977197e+001
  +3.53396583662e+001
  +3.53390199191e+001
  +3.53383822484e+001
  +3.53377452168e+001
  +3.53371086971e+001
  +3.53364725599e+001
  +3.53358366838e+001
  +3.53352009434e+001
  +3.53345532984e+001
  +3.53339175307e+001
  +3.53332881442e+001
  +3.53326452172e+001
  +3.53320084398e+001
  +3.53313710965e+001
</dep>
<dep _net5.V vol>
  -3.50228233947e-004
  +1.07002553479e-001
  +2.14355322066e-001
  +3.21707857894e-001
  +4.29055898490e-001
  +5.36351798419e-001
  +6.32065000069e-001
  +6.91930179053e-001
  +7.47190908812e-001
  +8.01183783853e-001
  +8.54530780330e-001
  +9.07472710818e-001
  +9.60132829229e-001
  +1.01258444904e+000
  +1.06487548140e+000
  +1.11703932548e+000
  +1.16910038943e+000
  +1.22107716780e+000
  +1.27298408269e+000
  +1.32483264814e+000
  +1.37663223918e+000
  +1.42839061907e+000
  +1.48011431118e+000
  +1.53180886847e+000
  +1.58347907285e+000
  +1.63512908575e+000
  +1.68676256342e+000
  +1.73838274683e+000
  +1.78999253259e+000
  +1.84159452948e+000
  +1.89319110425e+000
  +1.94478441875e+000
  +1.99637646067e+000
  +2.04796906884e+000
  +2.09956395468e+000
  +2.15116271994e+000
  +2.20276687187e+000
  +2.25437783635e+000
  +2.30599696899e+000
  +2.35762556461e+000
  +2.40926486588e+000
  +2.46091607042e+000
  +2.51258033749e+000
  +2.56425879354e+000
  +2.61595253726e+000
  +2.66766264435e+000
  +2.71939017137e+000
  +2.77113615958e+000
  +2.82290163834e+000
  +2.87468762814e+000
  +2.92649514333e+000
  +2.97832519504e+000
  +3.03017879340e+000
  +3.08205694988e+000
  +3.13396067952e+000
  +3.18589100297e+000
  +3.23784894840e+000
  +3.28983555341e+000
  +3.34185186685e+000
  +3.39389895059e+000
  +3.44597788121e+000
  +3.49808975166e+000
  +3.55023567299e+000
  +3.60241677589e+000
  +3.65463421242e+000
  +3.70688915751e+000
  +3.75918281072e+000
  +3.81151639772e+000
  +3.86389117216e+000
  +3.91630841703e+000
  +3.96876944665e+000
  +4.02127560819e+000
  +4.07382828354e+000
  +4.12642889096e+000
  +4.17907888705e+000
  +4.23177976863e+000
  +4.28453307447e+000
  +4.33734038755e+000
  +4.39020333686e+000
  +4.44312359958e+000
  +4.49610290337e+000
  +4.54914302838e+000
  +4.60224580970e+000
  +4.65541313971e+000
  +4.70864696905e+000
  +4.76194931435e+000
  +4.81532225636e+000
  +4.86876793814e+000
  +4.92228857874e+000
  +4.97588647184e+000
  +5.02956398084e+000
  +5.08332355405e+000
  +5.13716771931e+000
  +5.19109909596e+000
  +5.24512038759e+000
  +5.29923208867e+000
  +5.35344112859e+000
  +5.40775069097e+000
  +5.46215802653e+000
  +5.51667219004e+000
  +5.57129455181e+000
</dep>
<dep _net6.V vol>
  +3.85947434771e-004
  +3.85965488310e-004
  +3.86098372820e-004
  +3.93014064214e-004
  +8.18623188146e-004
  +2.91138821445e-002
  +1.11782243705e-001
  +1.66238732831e-001
  +2.17429416727e-001
  +2.68010724807e-001
  +3.18387656371e-001
  +3.68685260777e-001
  +4.18954074223e-001
  +4.69217699958e-001
  +5.19488183161e-001
  +5.69772031823e-001
  +6.20072893697e-001
  +6.70392858943e-001
  +7.20733138076e-001
  +7.71094433438e-001
  +8.21477151013e-001
  +8.71881525070e-001
  +9.22307693290e-001
  +9.72755742809e-001
  +1.02322573881e+000
  +1.07371774244e+000
  +1.12423182189e+000
  +1.17476805935e+000
  +1.22532655518e+000
  +1.27590743037e+000
  +1.32651082788e+000
  +1.37713691324e+000
  +1.42778587480e+000
  +1.47845792357e+000
  +1.52915329308e+000
  +1.57987223902e+000
  +1.63061503884e+000
  +1.68138199155e+000
  +1.73217341738e+000
  +1.78298965743e+000
  +1.83383107360e+000
  +1.88469804829e+000
  +1.93559098446e+000
  +1.98651030546e+000
  +2.03745645502e+000
  +2.08842989746e+000
  +2.13943111764e+000
  +2.19046062122e+000
  +2.24151893489e+000
  +2.29260660657e+000
  +2.34372420571e+000
  +2.39487232378e+000
  +2.44605157455e+000
  +2.49726259455e+000
  +2.54850604362e+000
  +2.59978260540e+000
  +2.65109298796e+000
  +2.70243792435e+000
  +2.75381817334e+000
  +2.80523452010e+000
  +2.85668777697e+000
  +2.90817878425e+000
  +2.95970841106e+000
  +3.01127755621e+000
  +3.06288714923e+000
  +3.11453815124e+000
  +3.16623155609e+000
  +3.21796839138e+000
  +3.26974971975e+000
  +3.32157663987e+000
  +3.37345028790e+000
  +3.42537183871e+000
  +3.47734250729e+000
  +3.52936355015e+000
  +3.58143626690e+000
  +3.63356200180e+000
  +3.68574214537e+000
  +3.73797813616e+000
  +3.79027146251e+000
  +3.84262366438e+000
  +3.89503633547e+000
  +3.94751112500e+000
  +4.00004974003e+000
  +4.05265394757e+000
  +4.10532557487e+000
  +4.15806651852e+000
  +4.21087874278e+000
  +4.26376427160e+000
  +4.31672521080e+000
  +4.36976374362e+000
  +4.42288212028e+000
  +4.47608268107e+000
  +4.52936784546e+000
  +4.58274012862e+000
  +4.63620212856e+000
  +4.68974610797e+000
  +4.74339519774e+000
  +4.79714882046e+000
  +4.85099059254e+000
  +4.90494300483e+000
  +4.95900281854e+000
</dep>
<dep _net2.V vol>
  +2.31155760676e-003
  +3.78166843357e-003
  +5.25177952573e-003
  +6.72189248354e-003
  +8.19209282535e-003
  +9.73639593400e-003
  +8.78633590263e-002
  +4.02661253283e-001
  +7.47859853328e-001
  +1.10143062475e+000
  +1.45926679804e+000
  +1.81977818888e+000
  +2.18215082957e+000
  +2.54590051949e+000
  +2.91071080437e+000
  +3.27636106624e+000
  +3.64269006583e+000
  +4.00957562079e+000
  +4.37692244631e+000
  +4.74465446554e+000
  +5.11270973034e+000
  +5.48103693930e+000
  +5.84959298109e+000
  +6.21834115483e+000
  +6.58724985323e+000
  +6.95629156786e+000
  +7.32544212761e+000
  +7.69468010494e+000
  +8.06398634718e+000
  +8.43334360303e+000
  +8.80273622040e+000
  +9.17214990051e+000
  +9.54157149524e+000
  +9.91098883990e+000
  +1.02803906112e+001
  +1.06497662107e+001
  +1.10191056635e+001
  +1.13883995327e+001
  +1.17576388452e+001
  +1.21268150293e+001
  +1.24959198575e+001
  +1.28649454000e+001
  +1.32338839800e+001
  +1.36027281370e+001
  +1.39714705938e+001
  +1.43401042248e+001
  +1.47086220302e+001
  +1.50770171112e+001
  +1.54452826472e+001
  +1.58134118756e+001
  +1.61813980741e+001
  +1.65492345412e+001
  +1.69169145813e+001
  +1.72844314898e+001
  +1.76517785376e+001
  +1.80189489584e+001
  +1.83859359354e+001
  +1.87527325888e+001
  +1.91193319639e+001
  +1.94857270197e+001
  +1.98519106167e+001
  +2.02178755069e+001
  +2.05836143220e+001
  +2.09491195631e+001
  +2.13143835893e+001
  +2.16793986077e+001
  +2.20441566619e+001
  +2.24086496222e+001
  +2.27728691728e+001
  +2.31368068033e+001
  +2.35004537953e+001
  +2.38638012121e+001
  +2.42268398869e+001
  +2.45895604110e+001
  +2.49519531215e+001
  +2.53140080887e+001
  +2.56757151039e+001
  +2.60370636656e+001
  +2.63980429665e+001
  +2.67586418798e+001
  +2.71188489433e+001
  +2.74786523468e+001
  +2.78380399155e+001
  +2.81969990942e+001
  +2.85555169412e+001
  +2.89135800768e+001
  +2.92711746961e+001
  +2.96282865804e+001
  +2.99849010068e+001
  +3.03410027574e+001
  +3.06965761515e+001
  +3.10516049450e+001
  +3.14060723660e+001
  +3.17599610355e+001
  +3.21132530157e+001
  +3.24659450114e+001
  +3.28179910719e+001
  +3.31693700749e+001
  +3.35201002269e+001
  +3.38701214848e+001
  +3.42194247449e+001
</dep>
<dep _net10.V vol>
  +2.31155760676e-003
  +3.78166843357e-003
  +5.25177952573e-003
  +6.72189248354e-003
  +8.19209282535e-003
  +9.73639593400e-003
  +8.78633590263e-002
  +4.02661253283e-001
  +7.47859853328e-001
  +1.10143062475e+000
  +1.45926679804e+000
  +1.81977818888e+000
  +2.18215082957e+000
  +2.54590051949e+000
  +2.91071080437e+000
  +3.27636106624e+000
  +3.64269006583e+000
  +4.00957562079e+000
  +4.37692244631e+000
  +4.74465446554e+000
  +5.11270973034e+000
  +5.48103693930e+000
  +5.84959298109e+000
  +6.21834115483e+000
  +6.58724985323e+000
  +6.95629156786e+000
  +7.32544212761e+000
  +7.69468010494e+000
  +8.06398634718e+000
  +8.43334360303e+000
  +8.80273622040e+000
  +9.17214990051e+000
  +9.54157149524e+000
  +9.91098883990e+000
  +1.02803906112e+001
  +1.06497662107e+001
  +1.10191056635e+001
  +1.13883995327e+001
  +1.17576388452e+001
  +1.21268150293e+001
  +1.24959198575e+001
  +1.28649454000e+001
  +1.32338839800e+001
  +1.36027281370e+001
  +1.39714705938e+001
  +1.43401042248e+001
  +1.47086220302e+001
  +1.50770171112e+001
  +1.54452826472e+001
  +1.58134118756e+001
  +1.61813980741e+001
  +1.65492345412e+001
  +1.69169145813e+001
  +1.72844314898e+001
  +1.76517785376e+001
  +1.80189489584e+001
  +1.83859359354e+001
  +1.87527325888e+001
  +1.91193319639e+001
  +1.94857270197e+001
  +1.98519106167e+001
  +2.02178755069e+001
  +2.05836143220e+001
  +2.09491195631e+001
  +2.13143835893e+001
  +2.16793986077e+001
  +2.20441566619e+001
  +2.24086496222e+001
  +2.27728691728e+001
  +2.31368068033e+001
  +2.35004537953e+001
  +2.38638012121e+001
  +2.42268398869e+001
  +2.45895604110e+001
  +2.49519531215e+001
  +2.53140080887e+001
  +2.56757151039e+001
  +2.60370636656e+001
  +2.63980429665e+001
  +2.67586418798e+001
  +2.71188489433e+001
  +2.74786523468e+001
  +2.78380399155e+001
  +2.81969990942e+001
  +2.85555169412e+001
  +2.89135800768e+001
  +2.92711746961e+001
  +2.96282865804e+001
  +2.99849010068e+001
  +3.03410027574e+001
  +3.06965761515e+001
  +3.10516049450e+001
  +3.14060723660e+001
  +3.17599610355e+001
  +3.21132530157e+001
  +3.24659450114e+001
  +3.28179910719e+001
  +3.31693700749e+001
  +3.35201002269e+001
  +3.38701214848e+001
  +3.42194247449e+001
</dep>
<dep _net7.V vol>
  -3.50235247488e-004
  +1.07002547283e-001
  +2.14355329715e-001
  +3.21708111747e-001
  +4.29060880365e-001
  +5.36402421080e-001
  +6.32140553249e-001
  +6.92019530728e-001
  +7.47292350516e-001
  +8.01296662130e-001
  +8.54654702024e-001
  +9.07607406688e-001
  +9.60278104292e-001
  +1.01274015840e+000
  +1.06504151652e+000
  +1.11721560553e+000
  +1.16928685558e+000
  +1.22127377908e+000
  +1.27319081310e+000
  +1.32504948440e+000
  +1.37685917904e+000
  +1.42862766992e+000
  +1.48036148905e+000
  +1.53206619715e+000
  +1.58374658319e+000
  +1.63540681510e+000
  +1.68705055513e+000
  +1.73868104989e+000
  +1.79030120128e+000
  +1.84191362311e+000
  +1.89352068691e+000
  +1.94512455913e+000
  +1.99672723192e+000
  +2.04833054839e+000
  +2.09993622417e+000
  +2.15154586510e+000
  +2.20316098249e+000
  +2.25478300617e+000
  +2.30641329571e+000
  +2.35805314982e+000
  +2.40970381506e+000
  +2.46136649294e+000
  +2.51304234659e+000
  +2.56473250638e+000
  +2.61643807489e+000
  +2.66816013176e+000
  +2.71989973753e+000
  +2.77165793750e+000
  +2.82343576506e+000
  +2.87523424482e+000
  +2.92705439532e+000
  +2.97889723194e+000
  +3.03076376911e+000
  +3.08265502270e+000
  +3.13457201223e+000
  +3.18651576291e+000
  +3.23848730758e+000
  +3.29048768859e+000
  +3.34251795969e+000
  +3.39457918769e+000
  +3.44667245429e+000
  +3.49879885768e+000
  +3.55095951425e+000
  +3.60315556018e+000
  +3.65538815318e+000
  +3.70765847395e+000
  +3.75996772800e+000
  +3.81231714711e+000
  +3.86470799119e+000
  +3.91714154972e+000
  +3.96961914362e+000
  +4.02214212693e+000
  +4.07471188855e+000
  +4.12732985400e+000
  +4.17999748735e+000
  +4.23271629310e+000
  +4.28548781796e+000
  +4.33831365308e+000
  +4.39119543588e+000
  +4.44413485225e+000
  +4.49713363884e+000
  +4.55019358504e+000
  +4.60331653554e+000
  +4.65650439257e+000
  +4.70975911701e+000
  +4.76308273601e+000
  +4.81647734124e+000
  +4.86994508701e+000
  +4.92348820401e+000
  +4.97710899798e+000
  +5.03080984475e+000
  +5.08459320551e+000
  +5.13846162143e+000
  +5.19241772565e+000
  +5.24646423599e+000
  +5.30060165224e+000
  +5.35483693552e+000
  +5.40917328638e+000
  +5.46360794710e+000
  +5.51815001419e+000
  +5.57280086724e+000
</dep>
<dep _net8.V vol>
  +3.50235247645e-010
  +4.99998929930e-002
  +9.99997856087e-002
  +1.49999678170e-001
  +1.99999570650e-001
  +2.49999463033e-001
  +2.99999366934e-001
  +3.49999306767e-001
  +3.99999251178e-001
  +4.49999196817e-001
  +4.99999143056e-001
  +5.49999089650e-001
  +5.99999036472e-001
  +6.49998983446e-001
  +6.99998930520e-001
  +7.49998877659e-001
  +7.99998824834e-001
  +8.49998772024e-001
  +8.99998719211e-001
  +9.49998666380e-001
  +9.99998613520e-001
  +1.04999856062e+000
  +1.09999850766e+000
  +1.14999845465e+000
  +1.19999840157e+000
  +1.24999834841e+000
  +1.29999829518e+000
  +1.34999824185e+000
  +1.39999818842e+000
  +1.44999813490e+000
  +1.49999808127e+000
  +1.54999802752e+000
  +1.59999797365e+000
  +1.64999791967e+000
  +1.69999786555e+000
  +1.74999781129e+000
  +1.79999775690e+000
  +1.84999770236e+000
  +1.89999764767e+000
  +1.94999759282e+000
  +1.99999753781e+000
  +2.04999748264e+000
  +2.09999742729e+000
  +2.14999737177e+000
  +2.19999731606e+000
  +2.24999726017e+000
  +2.29999720408e+000
  +2.34999714780e+000
  +2.39999709131e+000
  +2.44999703461e+000
  +2.49999697769e+000
  +2.54999692056e+000
  +2.59999686320e+000
  +2.64999680560e+000
  +2.69999674777e+000
  +2.74999668970e+000
  +2.79999663137e+000
  +2.84999657278e+000
  +2.89999651394e+000
  +2.94999645482e+000
  +2.99999639542e+000
  +3.04999633575e+000
  +3.09999627578e+000
  +3.14999621552e+000
  +3.19999615495e+000
  +3.24999609407e+000
  +3.29999603287e+000
  +3.34999597134e+000
  +3.39999590948e+000
  +3.44999584728e+000
  +3.49999578473e+000
  +3.54999572182e+000
  +3.59999565854e+000
  +3.64999559489e+000
  +3.69999553085e+000
  +3.74999546642e+000
  +3.79999540158e+000
  +3.84999533633e+000
  +3.89999527066e+000
  +3.94999520455e+000
  +3.99999513800e+000
  +4.04999507100e+000
  +4.09999500352e+000
  +4.14999493558e+000
  +4.19999486714e+000
  +4.24999479820e+000
  +4.29999472875e+000
  +4.34999465878e+000
  +4.39999458826e+000
  +4.44999451719e+000
  +4.49999444555e+000
  +4.54999437334e+000
  +4.59999430052e+000
  +4.64999422710e+000
  +4.69999415305e+000
  +4.74999407860e+000
  +4.79999400327e+000
  +4.84999392711e+000
  +4.89999385055e+000
  +4.94999377313e+000
  +4.99999369498e+000
</dep>
<dep _net9.V vol>
  +0.00000000000e+000
  +5.00000000000e-002
  +1.00000000000e-001
  +1.50000000000e-001
  +2.00000000000e-001
  +2.50000000000e-001
  +3.00000000000e-001
  +3.50000000000e-001
  +4.00000000000e-001
  +4.50000000000e-001
  +5.00000000000e-001
  +5.50000000000e-001
  +6.00000000000e-001
  +6.50000000000e-001
  +7.00000000000e-001
  +7.50000000000e-001
  +8.00000000000e-001
  +8.50000000000e-001
  +9.00000000000e-001
  +9.50000000000e-001
  +1.00000000000e+000
  +1.05000000000e+000
  +1.10000000000e+000
  +1.15000000000e+000
  +1.20000000000e+000
  +1.25000000000e+000
  +1.30000000000e+000
  +1.35000000000e+000
  +1.40000000000e+000
  +1.45000000000e+000
  +1.50000000000e+000
  +1.55000000000e+000
  +1.60000000000e+000
  +1.65000000000e+000
  +1.70000000000e+000
  +1.75000000000e+000
  +1.80000000000e+000
  +1.85000000000e+000
  +1.90000000000e+000
  +1.95000000000e+000
  +2.00000000000e+000
  +2.05000000000e+000
  +2.10000000000e+000
  +2.15000000000e+000
  +2.20000000000e+000
  +2.25000000000e+000
  +2.30000000000e+000
  +2.35000000000e+000
  +2.40000000000e+000
  +2.45000000000e+000
  +2.50000000000e+000
  +2.55000000000e+000
  +2.60000000000e+000
  +2.65000000000e+000
  +2.70000000000e+000
  +2.75000000000e+000
  +2.80000000000e+000
  +2.85000000000e+000
  +2.90000000000e+000
  +2.95000000000e+000
  +3.00000000000e+000
  +3.05000000000e+000
  +3.10000000000e+000
  +3.15000000000e+000
  +3.20000000000e+000
  +3.25000000000e+000
  +3.30000000000e+000
  +3.35000000000e+000
  +3.40000000000e+000
  +3.45000000000e+000
  +3.50000000000e+000
  +3.55000000000e+000
  +3.60000000000e+000
  +3.65000000000e+000
  +3.70000000000e+000
  +3.75000000000e+000
  +3.80000000000e+000
  +3.85000000000e+000
  +3.90000000000e+000
  +3.95000000000e+000
  +4.00000000000e+000
  +4.05000000000e+000
  +4.10000000000e+000
  +4.15000000000e+000
  +4.20000000000e+000
  +4.25000000000e+000
  +4.30000000000e+000
  +4.35000000000e+000
  +4.40000000000e+000
  +4.45000000000e+000
  +4.50000000000e+000
  +4.55000000000e+000
  +4.60000000000e+000
  +4.65000000000e+000
  +4.70000000000e+000
  +4.75000000000e+000
  +4.80000000000e+000
  +4.85000000000e+000
  +4.90000000000e+000
  +4.95000000000e+000
  +5.00000000000e+000
</dep>
