<Qucs Dataset 0.0.17>
<indep frequency 1000>
  +1.00000000000e+006
  +1.02902902903e+006
  +1.05805805806e+006
  +1.08708708709e+006
  +1.11611611612e+006
  +1.14514514515e+006
  +1.17417417417e+006
  +1.20320320320e+006
  +1.23223223223e+006
  +1.26126126126e+006
  +1.29029029029e+006
  +1.31931931932e+006
  +1.34834834835e+006
  +1.37737737738e+006
  +1.40640640641e+006
  +1.43543543544e+006
  +1.46446446446e+006
  +1.49349349349e+006
  +1.52252252252e+006
  +1.55155155155e+006
  +1.58058058058e+006
  +1.60960960961e+006
  +1.63863863864e+006
  +1.66766766767e+006
  +1.69669669670e+006
  +1.72572572573e+006
  +1.75475475475e+006
  +1.78378378378e+006
  +1.81281281281e+006
  +1.84184184184e+006
  +1.87087087087e+006
  +1.89989989990e+006
  +1.92892892893e+006
  +1.95795795796e+006
  +1.98698698699e+006
  +2.01601601602e+006
  +2.04504504505e+006
  +2.07407407407e+006
  +2.10310310310e+006
  +2.13213213213e+006
  +2.16116116116e+006
  +2.19019019019e+006
  +2.21921921922e+006
  +2.24824824825e+006
  +2.27727727728e+006
  +2.30630630631e+006
  +2.33533533534e+006
  +2.36436436436e+006
  +2.39339339339e+006
  +2.42242242242e+006
  +2.45145145145e+006
  +2.48048048048e+006
  +2.50950950951e+006
  +2.53853853854e+006
  +2.56756756757e+006
  +2.59659659660e+006
  +2.62562562563e+006
  +2.65465465465e+006
  +2.68368368368e+006
  +2.71271271271e+006
  +2.74174174174e+006
  +2.77077077077e+006
  +2.79979979980e+006
  +2.82882882883e+006
  +2.85785785786e+006
  +2.88688688689e+006
  +2.91591591592e+006
  +2.94494494494e+006
  +2.97397397397e+006
  +3.00300300300e+006
  +3.03203203203e+006
  +3.06106106106e+006
  +3.09009009009e+006
  +3.11911911912e+006
  +3.14814814815e+006
  +3.17717717718e+006
  +3.20620620621e+006
  +3.23523523524e+006
  +3.26426426426e+006
  +3.29329329329e+006
  +3.32232232232e+006
  +3.35135135135e+006
  +3.38038038038e+006
  +3.40940940941e+006
  +3.43843843844e+006
  +3.46746746747e+006
  +3.49649649650e+006
  +3.52552552553e+006
  +3.55455455455e+006
  +3.58358358358e+006
  +3.61261261261e+006
  +3.64164164164e+006
  +3.67067067067e+006
  +3.69969969970e+006
  +3.72872872873e+006
  +3.75775775776e+006
  +3.78678678679e+006
  +3.81581581582e+006
  +3.84484484484e+006
  +3.87387387387e+006
  +3.90290290290e+006
  +3.93193193193e+006
  +3.96096096096e+006
  +3.98998998999e+006
  +4.01901901902e+006
  +4.04804804805e+006
  +4.07707707708e+006
  +4.10610610611e+006
  +4.13513513514e+006
  +4.16416416416e+006
  +4.19319319319e+006
  +4.22222222222e+006
  +4.25125125125e+006
  +4.28028028028e+006
  +4.30930930931e+006
  +4.33833833834e+006
  +4.36736736737e+006
  +4.39639639640e+006
  +4.42542542543e+006
  +4.45445445445e+006
  +4.48348348348e+006
  +4.51251251251e+006
  +4.54154154154e+006
  +4.57057057057e+006
  +4.59959959960e+006
  +4.62862862863e+006
  +4.65765765766e+006
  +4.68668668669e+006
  +4.71571571572e+006
  +4.74474474474e+006
  +4.77377377377e+006
  +4.80280280280e+006
  +4.83183183183e+006
  +4.86086086086e+006
  +4.88988988989e+006
  +4.91891891892e+006
  +4.94794794795e+006
  +4.97697697698e+006
  +5.00600600601e+006
  +5.03503503504e+006
  +5.06406406406e+006
  +5.09309309309e+006
  +5.12212212212e+006
  +5.15115115115e+006
  +5.18018018018e+006
  +5.20920920921e+006
  +5.23823823824e+006
  +5.26726726727e+006
  +5.29629629630e+006
  +5.32532532533e+006
  +5.35435435435e+006
  +5.38338338338e+006
  +5.41241241241e+006
  +5.44144144144e+006
  +5.47047047047e+006
  +5.49949949950e+006
  +5.52852852853e+006
  +5.55755755756e+006
  +5.58658658659e+006
  +5.61561561562e+006
  +5.64464464464e+006
  +5.67367367367e+006
  +5.70270270270e+006
  +5.73173173173e+006
  +5.76076076076e+006
  +5.78978978979e+006
  +5.81881881882e+006
  +5.84784784785e+006
  +5.87687687688e+006
  +5.90590590591e+006
  +5.93493493493e+006
  +5.96396396396e+006
  +5.99299299299e+006
  +6.02202202202e+006
  +6.05105105105e+006
  +6.08008008008e+006
  +6.10910910911e+006
  +6.13813813814e+006
  +6.16716716717e+006
  +6.19619619620e+006
  +6.22522522523e+006
  +6.25425425425e+006
  +6.28328328328e+006
  +6.31231231231e+006
  +6.34134134134e+006
  +6.37037037037e+006
  +6.39939939940e+006
  +6.42842842843e+006
  +6.45745745746e+006
  +6.48648648649e+006
  +6.51551551552e+006
  +6.54454454454e+006
  +6.57357357357e+006
  +6.60260260260e+006
  +6.63163163163e+006
  +6.66066066066e+006
  +6.68968968969e+006
  +6.71871871872e+006
  +6.74774774775e+006
  +6.77677677678e+006
  +6.80580580581e+006
  +6.83483483483e+006
  +6.86386386386e+006
  +6.89289289289e+006
  +6.92192192192e+006
  +6.95095095095e+006
  +6.97997997998e+006
  +7.00900900901e+006
  +7.03803803804e+006
  +7.06706706707e+006
  +7.09609609610e+006
  +7.12512512513e+006
  +7.15415415415e+006
  +7.18318318318e+006
  +7.21221221221e+006
  +7.24124124124e+006
  +7.27027027027e+006
  +7.29929929930e+006
  +7.32832832833e+006
  +7.35735735736e+006
  +7.38638638639e+006
  +7.41541541542e+006
  +7.44444444444e+006
  +7.47347347347e+006
  +7.50250250250e+006
  +7.53153153153e+006
  +7.56056056056e+006
  +7.58958958959e+006
  +7.61861861862e+006
  +7.64764764765e+006
  +7.67667667668e+006
  +7.70570570571e+006
  +7.73473473473e+006
  +7.76376376376e+006
  +7.79279279279e+006
  +7.82182182182e+006
  +7.85085085085e+006
  +7.87987987988e+006
  +7.90890890891e+006
  +7.93793793794e+006
  +7.96696696697e+006
  +7.99599599600e+006
  +8.02502502503e+006
  +8.05405405405e+006
  +8.08308308308e+006
  +8.11211211211e+006
  +8.14114114114e+006
  +8.17017017017e+006
  +8.19919919920e+006
  +8.22822822823e+006
  +8.25725725726e+006
  +8.28628628629e+006
  +8.31531531532e+006
  +8.34434434434e+006
  +8.37337337337e+006
  +8.40240240240e+006
  +8.43143143143e+006
  +8.46046046046e+006
  +8.48948948949e+006
  +8.51851851852e+006
  +8.54754754755e+006
  +8.57657657658e+006
  +8.60560560561e+006
  +8.63463463463e+006
  +8.66366366366e+006
  +8.69269269269e+006
  +8.72172172172e+006
  +8.75075075075e+006
  +8.77977977978e+006
  +8.80880880881e+006
  +8.83783783784e+006
  +8.86686686687e+006
  +8.89589589590e+006
  +8.92492492492e+006
  +8.95395395395e+006
  +8.98298298298e+006
  +9.01201201201e+006
  +9.04104104104e+006
  +9.07007007007e+006
  +9.09909909910e+006
  +9.12812812813e+006
  +9.15715715716e+006
  +9.18618618619e+006
  +9.21521521522e+006
  +9.24424424424e+006
  +9.27327327327e+006
  +9.30230230230e+006
  +9.33133133133e+006
  +9.36036036036e+006
  +9.38938938939e+006
  +9.41841841842e+006
  +9.44744744745e+006
  +9.47647647648e+006
  +9.50550550551e+006
  +9.53453453453e+006
  +9.56356356356e+006
  +9.59259259259e+006
  +9.62162162162e+006
  +9.65065065065e+006
  +9.67967967968e+006
  +9.70870870871e+006
  +9.73773773774e+006
  +9.76676676677e+006
  +9.79579579580e+006
  +9.82482482482e+006
  +9.85385385385e+006
  +9.88288288288e+006
  +9.91191191191e+006
  +9.94094094094e+006
  +9.96996996997e+006
  +9.99899899900e+006
  +1.00280280280e+007
  +1.00570570571e+007
  +1.00860860861e+007
  +1.01151151151e+007
  +1.01441441441e+007
  +1.01731731732e+007
  +1.02022022022e+007
  +1.02312312312e+007
  +1.02602602603e+007
  +1.02892892893e+007
  +1.03183183183e+007
  +1.03473473473e+007
  +1.03763763764e+007
  +1.04054054054e+007
  +1.04344344344e+007
  +1.04634634635e+007
  +1.04924924925e+007
  +1.05215215215e+007
  +1.05505505506e+007
  +1.05795795796e+007
  +1.06086086086e+007
  +1.06376376376e+007
  +1.06666666667e+007
  +1.06956956957e+007
  +1.07247247247e+007
  +1.07537537538e+007
  +1.07827827828e+007
  +1.08118118118e+007
  +1.08408408408e+007
  +1.08698698699e+007
  +1.08988988989e+007
  +1.09279279279e+007
  +1.09569569570e+007
  +1.09859859860e+007
  +1.10150150150e+007
  +1.10440440440e+007
  +1.10730730731e+007
  +1.11021021021e+007
  +1.11311311311e+007
  +1.11601601602e+007
  +1.11891891892e+007
  +1.12182182182e+007
  +1.12472472472e+007
  +1.12762762763e+007
  +1.13053053053e+007
  +1.13343343343e+007
  +1.13633633634e+007
  +1.13923923924e+007
  +1.14214214214e+007
  +1.14504504505e+007
  +1.14794794795e+007
  +1.15085085085e+007
  +1.15375375375e+007
  +1.15665665666e+007
  +1.15955955956e+007
  +1.16246246246e+007
  +1.16536536537e+007
  +1.16826826827e+007
  +1.17117117117e+007
  +1.17407407407e+007
  +1.17697697698e+007
  +1.17987987988e+007
  +1.18278278278e+007
  +1.18568568569e+007
  +1.18858858859e+007
  +1.19149149149e+007
  +1.19439439439e+007
  +1.19729729730e+007
  +1.20020020020e+007
  +1.20310310310e+007
  +1.20600600601e+007
  +1.20890890891e+007
  +1.21181181181e+007
  +1.21471471471e+007
  +1.21761761762e+007
  +1.22052052052e+007
  +1.22342342342e+007
  +1.22632632633e+007
  +1.22922922923e+007
  +1.23213213213e+007
  +1.23503503504e+007
  +1.23793793794e+007
  +1.24084084084e+007
  +1.24374374374e+007
  +1.24664664665e+007
  +1.24954954955e+007
  +1.25245245245e+007
  +1.25535535536e+007
  +1.25825825826e+007
  +1.26116116116e+007
  +1.26406406406e+007
  +1.26696696697e+007
  +1.26986986987e+007
  +1.27277277277e+007
  +1.27567567568e+007
  +1.27857857858e+007
  +1.28148148148e+007
  +1.28438438438e+007
  +1.28728728729e+007
  +1.29019019019e+007
  +1.29309309309e+007
  +1.29599599600e+007
  +1.29889889890e+007
  +1.30180180180e+007
  +1.30470470470e+007
  +1.30760760761e+007
  +1.31051051051e+007
  +1.31341341341e+007
  +1.31631631632e+007
  +1.31921921922e+007
  +1.32212212212e+007
  +1.32502502503e+007
  +1.32792792793e+007
  +1.33083083083e+007
  +1.33373373373e+007
  +1.33663663664e+007
  +1.33953953954e+007
  +1.34244244244e+007
  +1.34534534535e+007
  +1.34824824825e+007
  +1.35115115115e+007
  +1.35405405405e+007
  +1.35695695696e+007
  +1.35985985986e+007
  +1.36276276276e+007
  +1.36566566567e+007
  +1.36856856857e+007
  +1.37147147147e+007
  +1.37437437437e+007
  +1.37727727728e+007
  +1.38018018018e+007
  +1.38308308308e+007
  +1.38598598599e+007
  +1.38888888889e+007
  +1.39179179179e+007
  +1.39469469469e+007
  +1.39759759760e+007
  +1.40050050050e+007
  +1.40340340340e+007
  +1.40630630631e+007
  +1.40920920921e+007
  +1.41211211211e+007
  +1.41501501502e+007
  +1.41791791792e+007
  +1.42082082082e+007
  +1.42372372372e+007
  +1.42662662663e+007
  +1.42952952953e+007
  +1.43243243243e+007
  +1.43533533534e+007
  +1.43823823824e+007
  +1.44114114114e+007
  +1.44404404404e+007
  +1.44694694695e+007
  +1.44984984985e+007
  +1.45275275275e+007
  +1.45565565566e+007
  +1.45855855856e+007
  +1.46146146146e+007
  +1.46436436436e+007
  +1.46726726727e+007
  +1.47017017017e+007
  +1.47307307307e+007
  +1.47597597598e+007
  +1.47887887888e+007
  +1.48178178178e+007
  +1.48468468468e+007
  +1.48758758759e+007
  +1.49049049049e+007
  +1.49339339339e+007
  +1.49629629630e+007
  +1.49919919920e+007
  +1.50210210210e+007
  +1.50500500501e+007
  +1.50790790791e+007
  +1.51081081081e+007
  +1.51371371371e+007
  +1.51661661662e+007
  +1.51951951952e+007
  +1.52242242242e+007
  +1.52532532533e+007
  +1.52822822823e+007
  +1.53113113113e+007
  +1.53403403403e+007
  +1.53693693694e+007
  +1.53983983984e+007
  +1.54274274274e+007
  +1.54564564565e+007
  +1.54854854855e+007
  +1.55145145145e+007
  +1.55435435435e+007
  +1.55725725726e+007
  +1.56016016016e+007
  +1.56306306306e+007
  +1.56596596597e+007
  +1.56886886887e+007
  +1.57177177177e+007
  +1.57467467467e+007
  +1.57757757758e+007
  +1.58048048048e+007
  +1.58338338338e+007
  +1.58628628629e+007
  +1.58918918919e+007
  +1.59209209209e+007
  +1.59499499499e+007
  +1.59789789790e+007
  +1.60080080080e+007
  +1.60370370370e+007
  +1.60660660661e+007
  +1.60950950951e+007
  +1.61241241241e+007
  +1.61531531532e+007
  +1.61821821822e+007
  +1.62112112112e+007
  +1.62402402402e+007
  +1.62692692693e+007
  +1.62982982983e+007
  +1.63273273273e+007
  +1.63563563564e+007
  +1.63853853854e+007
  +1.64144144144e+007
  +1.64434434434e+007
  +1.64724724725e+007
  +1.65015015015e+007
  +1.65305305305e+007
  +1.65595595596e+007
  +1.65885885886e+007
  +1.66176176176e+007
  +1.66466466466e+007
  +1.66756756757e+007
  +1.67047047047e+007
  +1.67337337337e+007
  +1.67627627628e+007
  +1.67917917918e+007
  +1.68208208208e+007
  +1.68498498498e+007
  +1.68788788789e+007
  +1.69079079079e+007
  +1.69369369369e+007
  +1.69659659660e+007
  +1.69949949950e+007
  +1.70240240240e+007
  +1.70530530531e+007
  +1.70820820821e+007
  +1.71111111111e+007
  +1.71401401401e+007
  +1.71691691692e+007
  +1.71981981982e+007
  +1.72272272272e+007
  +1.72562562563e+007
  +1.72852852853e+007
  +1.73143143143e+007
  +1.73433433433e+007
  +1.73723723724e+007
  +1.74014014014e+007
  +1.74304304304e+007
  +1.74594594595e+007
  +1.74884884885e+007
  +1.75175175175e+007
  +1.75465465465e+007
  +1.75755755756e+007
  +1.76046046046e+007
  +1.76336336336e+007
  +1.76626626627e+007
  +1.76916916917e+007
  +1.77207207207e+007
  +1.77497497497e+007
  +1.77787787788e+007
  +1.78078078078e+007
  +1.78368368368e+007
  +1.78658658659e+007
  +1.78948948949e+007
  +1.79239239239e+007
  +1.79529529530e+007
  +1.79819819820e+007
  +1.80110110110e+007
  +1.80400400400e+007
  +1.80690690691e+007
  +1.80980980981e+007
  +1.81271271271e+007
  +1.81561561562e+007
  +1.81851851852e+007
  +1.82142142142e+007
  +1.82432432432e+007
  +1.82722722723e+007
  +1.83013013013e+007
  +1.83303303303e+007
  +1.83593593594e+007
  +1.83883883884e+007
  +1.84174174174e+007
  +1.84464464464e+007
  +1.84754754755e+007
  +1.85045045045e+007
  +1.85335335335e+007
  +1.85625625626e+007
  +1.85915915916e+007
  +1.86206206206e+007
  +1.86496496496e+007
  +1.86786786787e+007
  +1.87077077077e+007
  +1.87367367367e+007
  +1.87657657658e+007
  +1.87947947948e+007
  +1.88238238238e+007
  +1.88528528529e+007
  +1.88818818819e+007
  +1.89109109109e+007
  +1.89399399399e+007
  +1.89689689690e+007
  +1.89979979980e+007
  +1.90270270270e+007
  +1.90560560561e+007
  +1.90850850851e+007
  +1.91141141141e+007
  +1.91431431431e+007
  +1.91721721722e+007
  +1.92012012012e+007
  +1.92302302302e+007
  +1.92592592593e+007
  +1.92882882883e+007
  +1.93173173173e+007
  +1.93463463463e+007
  +1.93753753754e+007
  +1.94044044044e+007
  +1.94334334334e+007
  +1.94624624625e+007
  +1.94914914915e+007
  +1.95205205205e+007
  +1.95495495495e+007
  +1.95785785786e+007
  +1.96076076076e+007
  +1.96366366366e+007
  +1.96656656657e+007
  +1.96946946947e+007
  +1.97237237237e+007
  +1.97527527528e+007
  +1.97817817818e+007
  +1.98108108108e+007
  +1.98398398398e+007
  +1.98688688689e+007
  +1.98978978979e+007
  +1.99269269269e+007
  +1.99559559560e+007
  +1.99849849850e+007
  +2.00140140140e+007
  +2.00430430430e+007
  +2.00720720721e+007
  +2.01011011011e+007
  +2.01301301301e+007
  +2.01591591592e+007
  +2.01881881882e+007
  +2.02172172172e+007
  +2.02462462462e+007
  +2.02752752753e+007
  +2.03043043043e+007
  +2.03333333333e+007
  +2.03623623624e+007
  +2.03913913914e+007
  +2.04204204204e+007
  +2.04494494494e+007
  +2.04784784785e+007
  +2.05075075075e+007
  +2.05365365365e+007
  +2.05655655656e+007
  +2.05945945946e+007
  +2.06236236236e+007
  +2.06526526527e+007
  +2.06816816817e+007
  +2.07107107107e+007
  +2.07397397397e+007
  +2.07687687688e+007
  +2.07977977978e+007
  +2.08268268268e+007
  +2.08558558559e+007
  +2.08848848849e+007
  +2.09139139139e+007
  +2.09429429429e+007
  +2.09719719720e+007
  +2.10010010010e+007
  +2.10300300300e+007
  +2.10590590591e+007
  +2.10880880881e+007
  +2.11171171171e+007
  +2.11461461461e+007
  +2.11751751752e+007
  +2.12042042042e+007
  +2.12332332332e+007
  +2.12622622623e+007
  +2.12912912913e+007
  +2.13203203203e+007
  +2.13493493493e+007
  +2.13783783784e+007
  +2.14074074074e+007
  +2.14364364364e+007
  +2.14654654655e+007
  +2.14944944945e+007
  +2.15235235235e+007
  +2.15525525526e+007
  +2.15815815816e+007
  +2.16106106106e+007
  +2.16396396396e+007
  +2.16686686687e+007
  +2.16976976977e+007
  +2.17267267267e+007
  +2.17557557558e+007
  +2.17847847848e+007
  +2.18138138138e+007
  +2.18428428428e+007
  +2.18718718719e+007
  +2.19009009009e+007
  +2.19299299299e+007
  +2.19589589590e+007
  +2.19879879880e+007
  +2.20170170170e+007
  +2.20460460460e+007
  +2.20750750751e+007
  +2.21041041041e+007
  +2.21331331331e+007
  +2.21621621622e+007
  +2.21911911912e+007
  +2.22202202202e+007
  +2.22492492492e+007
  +2.22782782783e+007
  +2.23073073073e+007
  +2.23363363363e+007
  +2.23653653654e+007
  +2.23943943944e+007
  +2.24234234234e+007
  +2.24524524525e+007
  +2.24814814815e+007
  +2.25105105105e+007
  +2.25395395395e+007
  +2.25685685686e+007
  +2.25975975976e+007
  +2.26266266266e+007
  +2.26556556557e+007
  +2.26846846847e+007
  +2.27137137137e+007
  +2.27427427427e+007
  +2.27717717718e+007
  +2.28008008008e+007
  +2.28298298298e+007
  +2.28588588589e+007
  +2.28878878879e+007
  +2.29169169169e+007
  +2.29459459459e+007
  +2.29749749750e+007
  +2.30040040040e+007
  +2.30330330330e+007
  +2.30620620621e+007
  +2.30910910911e+007
  +2.31201201201e+007
  +2.31491491491e+007
  +2.31781781782e+007
  +2.32072072072e+007
  +2.32362362362e+007
  +2.32652652653e+007
  +2.32942942943e+007
  +2.33233233233e+007
  +2.33523523524e+007
  +2.33813813814e+007
  +2.34104104104e+007
  +2.34394394394e+007
  +2.34684684685e+007
  +2.34974974975e+007
  +2.35265265265e+007
  +2.35555555556e+007
  +2.35845845846e+007
  +2.36136136136e+007
  +2.36426426426e+007
  +2.36716716717e+007
  +2.37007007007e+007
  +2.37297297297e+007
  +2.37587587588e+007
  +2.37877877878e+007
  +2.38168168168e+007
  +2.38458458458e+007
  +2.38748748749e+007
  +2.39039039039e+007
  +2.39329329329e+007
  +2.39619619620e+007
  +2.39909909910e+007
  +2.40200200200e+007
  +2.40490490490e+007
  +2.40780780781e+007
  +2.41071071071e+007
  +2.41361361361e+007
  +2.41651651652e+007
  +2.41941941942e+007
  +2.42232232232e+007
  +2.42522522523e+007
  +2.42812812813e+007
  +2.43103103103e+007
  +2.43393393393e+007
  +2.43683683684e+007
  +2.43973973974e+007
  +2.44264264264e+007
  +2.44554554555e+007
  +2.44844844845e+007
  +2.45135135135e+007
  +2.45425425425e+007
  +2.45715715716e+007
  +2.46006006006e+007
  +2.46296296296e+007
  +2.46586586587e+007
  +2.46876876877e+007
  +2.47167167167e+007
  +2.47457457457e+007
  +2.47747747748e+007
  +2.48038038038e+007
  +2.48328328328e+007
  +2.48618618619e+007
  +2.48908908909e+007
  +2.49199199199e+007
  +2.49489489489e+007
  +2.49779779780e+007
  +2.50070070070e+007
  +2.50360360360e+007
  +2.50650650651e+007
  +2.50940940941e+007
  +2.51231231231e+007
  +2.51521521522e+007
  +2.51811811812e+007
  +2.52102102102e+007
  +2.52392392392e+007
  +2.52682682683e+007
  +2.52972972973e+007
  +2.53263263263e+007
  +2.53553553554e+007
  +2.53843843844e+007
  +2.54134134134e+007
  +2.54424424424e+007
  +2.54714714715e+007
  +2.55005005005e+007
  +2.55295295295e+007
  +2.55585585586e+007
  +2.55875875876e+007
  +2.56166166166e+007
  +2.56456456456e+007
  +2.56746746747e+007
  +2.57037037037e+007
  +2.57327327327e+007
  +2.57617617618e+007
  +2.57907907908e+007
  +2.58198198198e+007
  +2.58488488488e+007
  +2.58778778779e+007
  +2.59069069069e+007
  +2.59359359359e+007
  +2.59649649650e+007
  +2.59939939940e+007
  +2.60230230230e+007
  +2.60520520521e+007
  +2.60810810811e+007
  +2.61101101101e+007
  +2.61391391391e+007
  +2.61681681682e+007
  +2.61971971972e+007
  +2.62262262262e+007
  +2.62552552553e+007
  +2.62842842843e+007
  +2.63133133133e+007
  +2.63423423423e+007
  +2.63713713714e+007
  +2.64004004004e+007
  +2.64294294294e+007
  +2.64584584585e+007
  +2.64874874875e+007
  +2.65165165165e+007
  +2.65455455455e+007
  +2.65745745746e+007
  +2.66036036036e+007
  +2.66326326326e+007
  +2.66616616617e+007
  +2.66906906907e+007
  +2.67197197197e+007
  +2.67487487487e+007
  +2.67777777778e+007
  +2.68068068068e+007
  +2.68358358358e+007
  +2.68648648649e+007
  +2.68938938939e+007
  +2.69229229229e+007
  +2.69519519520e+007
  +2.69809809810e+007
  +2.70100100100e+007
  +2.70390390390e+007
  +2.70680680681e+007
  +2.70970970971e+007
  +2.71261261261e+007
  +2.71551551552e+007
  +2.71841841842e+007
  +2.72132132132e+007
  +2.72422422422e+007
  +2.72712712713e+007
  +2.73003003003e+007
  +2.73293293293e+007
  +2.73583583584e+007
  +2.73873873874e+007
  +2.74164164164e+007
  +2.74454454454e+007
  +2.74744744745e+007
  +2.75035035035e+007
  +2.75325325325e+007
  +2.75615615616e+007
  +2.75905905906e+007
  +2.76196196196e+007
  +2.76486486486e+007
  +2.76776776777e+007
  +2.77067067067e+007
  +2.77357357357e+007
  +2.77647647648e+007
  +2.77937937938e+007
  +2.78228228228e+007
  +2.78518518519e+007
  +2.78808808809e+007
  +2.79099099099e+007
  +2.79389389389e+007
  +2.79679679680e+007
  +2.79969969970e+007
  +2.80260260260e+007
  +2.80550550551e+007
  +2.80840840841e+007
  +2.81131131131e+007
  +2.81421421421e+007
  +2.81711711712e+007
  +2.82002002002e+007
  +2.82292292292e+007
  +2.82582582583e+007
  +2.82872872873e+007
  +2.83163163163e+007
  +2.83453453453e+007
  +2.83743743744e+007
  +2.84034034034e+007
  +2.84324324324e+007
  +2.84614614615e+007
  +2.84904904905e+007
  +2.85195195195e+007
  +2.85485485485e+007
  +2.85775775776e+007
  +2.86066066066e+007
  +2.86356356356e+007
  +2.86646646647e+007
  +2.86936936937e+007
  +2.87227227227e+007
  +2.87517517518e+007
  +2.87807807808e+007
  +2.88098098098e+007
  +2.88388388388e+007
  +2.88678678679e+007
  +2.88968968969e+007
  +2.89259259259e+007
  +2.89549549550e+007
  +2.89839839840e+007
  +2.90130130130e+007
  +2.90420420420e+007
  +2.90710710711e+007
  +2.91001001001e+007
  +2.91291291291e+007
  +2.91581581582e+007
  +2.91871871872e+007
  +2.92162162162e+007
  +2.92452452452e+007
  +2.92742742743e+007
  +2.93033033033e+007
  +2.93323323323e+007
  +2.93613613614e+007
  +2.93903903904e+007
  +2.94194194194e+007
  +2.94484484484e+007
  +2.94774774775e+007
  +2.95065065065e+007
  +2.95355355355e+007
  +2.95645645646e+007
  +2.95935935936e+007
  +2.96226226226e+007
  +2.96516516517e+007
  +2.96806806807e+007
  +2.97097097097e+007
  +2.97387387387e+007
  +2.97677677678e+007
  +2.97967967968e+007
  +2.98258258258e+007
  +2.98548548549e+007
  +2.98838838839e+007
  +2.99129129129e+007
  +2.99419419419e+007
  +2.99709709710e+007
  +3.00000000000e+007
</indep>
<dep dBs11 frequency>
  -1.71016814455e+001
  -1.71645214869e+001
  -1.73578396642e+001
  -1.73470816536e+001
  -1.76054545958e+001
  -1.78582365845e+001
  -1.79466744630e+001
  -1.79270343295e+001
  -1.79677774637e+001
  -1.81283736227e+001
  -1.84078274593e+001
  -1.83478916546e+001
  -1.84840639119e+001
  -1.85924277013e+001
  -1.86741889301e+001
  -1.87729517192e+001
  -1.89426924624e+001
  -1.88387343075e+001
  -1.89950657110e+001
  -1.89225837370e+001
  -1.92754659542e+001
  -1.93446636256e+001
  -1.93017633222e+001
  -1.95309041566e+001
  -1.95764925419e+001
  -1.96751856777e+001
  -1.95594709539e+001
  -1.95908507303e+001
  -1.99402345364e+001
  -2.02169504764e+001
  -2.02451086815e+001
  -1.99686209587e+001
  -1.98461846613e+001
  -2.01934994328e+001
  -2.00381878466e+001
  -2.00935429714e+001
  -2.01128488029e+001
  -2.01969571598e+001
  -2.03253480110e+001
  -2.01958637278e+001
  -2.04800915086e+001
  -2.02407898040e+001
  -2.05482876206e+001
  -2.07605497125e+001
  -2.02933813244e+001
  -2.06066418833e+001
  -2.06404342947e+001
  -2.06001019182e+001
  -2.07118786863e+001
  -2.05178011892e+001
  -2.08770534895e+001
  -2.07800562684e+001
  -2.05572235048e+001
  -2.06091530288e+001
  -2.06081062488e+001
  -2.08892172803e+001
  -2.08506519915e+001
  -2.07380501674e+001
  -2.06368403437e+001
  -2.07266067551e+001
  -2.09952447220e+001
  -2.08107602692e+001
  -2.09056690619e+001
  -2.08579931307e+001
  -2.09818170602e+001
  -2.10654470171e+001
  -2.10929848949e+001
  -2.09373637377e+001
  -2.12790190905e+001
  -2.10813460396e+001
  -2.12114264349e+001
  -2.11221004877e+001
  -2.09709386466e+001
  -2.08825528640e+001
  -2.10264270858e+001
  -2.10168403208e+001
  -2.13613502940e+001
  -2.11617750118e+001
  -2.09177746400e+001
  -2.10603753229e+001
  -2.10468301047e+001
  -2.11445102788e+001
  -2.11559059297e+001
  -2.12121218365e+001
  -2.13849654876e+001
  -2.11751324902e+001
  -2.12760621288e+001
  -2.12570918501e+001
  -2.10469579021e+001
  -2.09304682272e+001
  -2.14947576024e+001
  -2.13834720234e+001
  -2.10996867159e+001
  -2.10763768396e+001
  -2.11775287139e+001
  -2.11125382337e+001
  -2.13690417006e+001
  -2.10720159785e+001
  -2.09432512986e+001
  -2.11796553416e+001
  -2.11962006219e+001
  -2.11803763653e+001
  -2.10718487223e+001
  -2.11705742655e+001
  -2.11524816052e+001
  -2.13184679269e+001
  -2.12868509077e+001
  -2.09430381817e+001
  -2.11099481910e+001
  -2.08046091391e+001
  -2.14909608338e+001
  -2.10867763366e+001
  -2.14485137604e+001
  -2.09775703208e+001
  -2.14561368049e+001
  -2.11346353797e+001
  -2.09905976557e+001
  -2.10352135836e+001
  -2.13024660343e+001
  -2.13200839679e+001
  -2.10144012922e+001
  -2.11233882069e+001
  -2.11078361481e+001
  -2.09596861693e+001
  -2.10445984236e+001
  -2.12052738457e+001
  -2.11570809080e+001
  -2.08604008963e+001
  -2.09715293856e+001
  -2.10739899349e+001
  -2.13530859848e+001
  -2.10447598582e+001
  -2.13788734135e+001
  -2.12495285518e+001
  -2.12623790535e+001
  -2.10306783793e+001
  -2.11160111646e+001
  -2.10107874518e+001
  -2.14131263560e+001
  -2.10724501948e+001
  -2.12174729444e+001
  -2.09288791047e+001
  -2.10449619703e+001
  -2.13671428812e+001
  -2.11611206193e+001
  -2.11679037552e+001
  -2.08238002829e+001
  -2.14152488567e+001
  -2.10620786866e+001
  -2.13326501220e+001
  -2.09250110412e+001
  -2.10032203167e+001
  -2.11315430058e+001
  -2.08556697358e+001
  -2.10734183696e+001
  -2.11696951118e+001
  -2.11921717146e+001
  -2.07221416063e+001
  -2.10149956477e+001
  -2.09473196076e+001
  -2.11635720681e+001
  -2.10544372876e+001
  -2.08228781899e+001
  -2.09366731261e+001
  -2.10242718649e+001
  -2.10427640481e+001
  -2.08548927102e+001
  -2.09069179481e+001
  -2.11669708244e+001
  -2.09315610130e+001
  -2.06026606349e+001
  -2.09999718560e+001
  -2.08632600445e+001
  -2.08771560427e+001
  -2.07789715828e+001
  -2.06781864178e+001
  -2.07810430003e+001
  -2.07991285651e+001
  -2.08412301020e+001
  -2.08489011720e+001
  -2.09664448989e+001
  -2.08415097223e+001
  -2.07000578389e+001
  -2.08541065844e+001
  -2.06512515081e+001
  -2.08329591658e+001
  -2.08363427999e+001
  -2.08519401807e+001
  -2.10268468549e+001
  -2.08604499842e+001
  -2.07866702630e+001
  -2.10077860226e+001
  -2.10212278894e+001
  -2.07869623969e+001
  -2.06447761735e+001
  -2.08902303200e+001
  -2.08188364342e+001
  -2.06417534572e+001
  -2.07308937009e+001
  -2.05733990913e+001
  -2.06125118794e+001
  -2.06929128399e+001
  -2.06862719518e+001
  -2.05980181151e+001
  -2.04760532701e+001
  -2.06892729940e+001
  -2.05039844361e+001
  -2.05925570511e+001
  -2.07832883755e+001
  -2.06402827662e+001
  -2.06065042667e+001
  -2.05197609860e+001
  -2.08075022443e+001
  -2.07062987179e+001
  -2.04861210923e+001
  -2.05963152682e+001
  -2.06694933905e+001
  -2.04772666390e+001
  -2.06862933513e+001
  -2.05581411088e+001
  -2.05316567980e+001
  -2.05555719473e+001
  -2.04523716443e+001
  -2.03431666091e+001
  -2.03612478344e+001
  -2.05045612020e+001
  -2.05889603328e+001
  -2.07016421192e+001
  -2.03871502584e+001
  -2.05393421054e+001
  -2.04987145106e+001
  -2.04499219454e+001
  -2.04962388471e+001
  -2.07326710519e+001
  -2.03344500881e+001
  -2.03393339739e+001
  -2.06845132485e+001
  -2.03866298344e+001
  -2.03439028448e+001
  -2.04446368397e+001
  -2.04945898993e+001
  -2.05380925940e+001
  -2.03208120246e+001
  -2.02764996570e+001
  -2.06035353429e+001
  -2.02271424217e+001
  -2.01200538954e+001
  -2.02397608864e+001
  -2.03087717023e+001
  -2.02782220242e+001
  -2.04984100774e+001
  -2.01922059073e+001
  -2.01967312516e+001
  -2.02223100941e+001
  -2.01390890883e+001
  -2.04566908021e+001
  -2.03403875843e+001
  -2.03367083959e+001
  -2.03016828621e+001
  -2.01322509174e+001
  -2.01718085656e+001
  -2.02602768472e+001
  -2.03751956771e+001
  -2.01332435258e+001
  -2.03366648438e+001
  -2.01120227978e+001
  -2.00944040275e+001
  -2.01334213182e+001
  -2.03951338898e+001
  -1.99780618029e+001
  -2.00688267564e+001
  -2.02713484938e+001
  -2.01286493385e+001
  -2.02253665493e+001
  -2.00745578497e+001
  -2.02555970478e+001
  -2.00718641073e+001
  -2.01153864204e+001
  -2.01086133188e+001
  -2.00470976481e+001
  -2.00344950400e+001
  -2.00274821846e+001
  -2.00671889776e+001
  -2.01746657404e+001
  -2.01625699021e+001
  -2.00563466308e+001
  -2.00250711227e+001
  -1.96191280012e+001
  -1.97988850666e+001
  -1.99885854656e+001
  -2.00143996890e+001
  -2.00764811768e+001
  -2.00810498123e+001
  -1.99641817300e+001
  -1.98947279441e+001
  -1.99523226058e+001
  -1.98362295750e+001
  -1.98821341610e+001
  -2.00299393649e+001
  -1.99956395980e+001
  -2.01275694676e+001
  -2.00779080735e+001
  -1.99545943123e+001
  -1.99254949233e+001
  -1.97902772359e+001
  -1.96916695587e+001
  -1.95738325018e+001
  -1.98044082559e+001
  -1.99032003061e+001
  -1.97855077545e+001
  -1.96637481841e+001
  -1.97562957930e+001
  -1.98370548120e+001
  -1.99732087768e+001
  -1.98503545339e+001
  -1.99480337348e+001
  -2.01445834676e+001
  -2.01020642210e+001
  -1.96852589922e+001
  -1.98043053902e+001
  -1.96490495460e+001
  -1.97161766875e+001
  -1.98210343420e+001
  -1.97762120294e+001
  -1.98602979041e+001
  -1.97565373321e+001
  -1.97653441441e+001
  -1.97269172417e+001
  -1.96652242365e+001
  -1.97101039207e+001
  -1.96703214158e+001
  -1.98122768579e+001
  -1.97483099799e+001
  -1.96898080043e+001
  -1.99691197950e+001
  -1.99997124229e+001
  -1.98797236124e+001
  -1.98418881806e+001
  -1.98692667545e+001
  -1.98483473161e+001
  -1.97724031486e+001
  -1.97991683330e+001
  -1.96994353025e+001
  -1.95476112222e+001
  -1.98323003969e+001
  -1.97110062666e+001
  -1.95755544349e+001
  -1.95277350326e+001
  -1.96230295535e+001
  -1.96721536661e+001
  -1.96274627659e+001
  -1.95389095565e+001
  -1.94572617164e+001
  -1.95171300667e+001
  -1.96163089954e+001
  -1.96350905332e+001
  -1.95543594948e+001
  -1.94968193466e+001
  -1.96033840251e+001
  -1.95622596793e+001
  -1.93760664106e+001
  -1.95901240003e+001
  -1.96005734630e+001
  -1.95569926381e+001
  -1.95089238802e+001
  -1.93900555163e+001
  -1.94141813759e+001
  -1.94844579742e+001
  -1.95402826155e+001
  -1.97083582506e+001
  -1.96931381599e+001
  -1.95693972993e+001
  -1.94481372525e+001
  -1.93113106172e+001
  -1.93666693508e+001
  -1.96110657991e+001
  -1.95536861198e+001
  -1.95614768441e+001
  -1.95697619556e+001
  -1.95151909133e+001
  -1.95695098680e+001
  -1.95925357338e+001
  -1.95612110708e+001
  -1.94950344503e+001
  -1.95115926124e+001
  -1.95366895341e+001
  -1.94149248800e+001
  -1.95046766025e+001
  -1.95909917418e+001
  -1.95536331244e+001
  -1.95479305854e+001
  -1.94219025662e+001
  -1.91724952931e+001
  -1.92965146187e+001
  -1.93199544399e+001
  -1.92714787199e+001
  -1.93050321509e+001
  -1.93802313267e+001
  -1.94517546734e+001
  -1.94247789870e+001
  -1.94418175184e+001
  -1.94724045088e+001
  -1.94797848361e+001
  -1.94019553441e+001
  -1.93521478179e+001
  -1.95078189213e+001
  -1.94169525528e+001
  -1.92759418438e+001
  -1.92298469414e+001
  -1.92871758021e+001
  -1.93847660514e+001
  -1.94926415754e+001
  -1.94441592035e+001
  -1.93465439227e+001
  -1.93059124384e+001
  -1.93108268659e+001
  -1.93269057275e+001
  -1.92838971658e+001
  -1.92602956102e+001
  -1.92468785975e+001
  -1.92059761279e+001
  -1.92339331226e+001
  -1.93274964186e+001
  -1.91898435042e+001
  -1.91710484279e+001
  -1.93365413950e+001
  -1.93965577575e+001
  -1.93975570411e+001
  -1.92973498895e+001
  -1.92600218681e+001
  -1.92532707337e+001
  -1.92829218030e+001
  -1.92778068958e+001
  -1.92432262338e+001
  -1.92789950366e+001
  -1.92713838178e+001
  -1.91824108519e+001
  -1.90820260218e+001
  -1.90294062150e+001
  -1.92562859468e+001
  -1.93248752694e+001
  -1.92566888400e+001
  -1.93019359883e+001
  -1.93139309791e+001
  -1.92318121412e+001
  -1.92372975838e+001
  -1.92764803152e+001
  -1.91635784931e+001
  -1.91372477061e+001
  -1.92337736482e+001
  -1.91906396412e+001
  -1.91349914405e+001
  -1.93242930944e+001
  -1.93421276056e+001
  -1.91579047370e+001
  -1.90907883617e+001
  -1.90709759263e+001
  -1.91692269258e+001
  -1.91752338964e+001
  -1.90744490974e+001
  -1.91571903986e+001
  -1.92683302950e+001
  -1.91715787361e+001
  -1.91373821513e+001
  -1.91885554596e+001
  -1.92178795546e+001
  -1.92376073154e+001
  -1.91166689059e+001
  -1.90549168441e+001
  -1.91226715220e+001
  -1.91723056229e+001
  -1.92119147471e+001
  -1.92528847651e+001
  -1.92565953934e+001
  -1.90530095243e+001
  -1.89453225761e+001
  -1.89637091856e+001
  -1.90413000551e+001
  -1.91473335328e+001
  -1.91239649974e+001
  -1.91061007682e+001
  -1.91480805928e+001
  -1.90862216066e+001
  -1.89006085481e+001
  -1.89789347431e+001
  -1.91775478826e+001
  -1.90835852839e+001
  -1.89887101135e+001
  -1.90521129752e+001
  -1.90911379200e+001
  -1.90871439608e+001
  -1.90951306333e+001
  -1.91119291442e+001
  -1.90657741644e+001
  -1.90034980836e+001
  -1.90040613633e+001
  -1.90278128846e+001
  -1.91469812315e+001
  -1.92007486895e+001
  -1.91503207379e+001
  -1.91051077003e+001
  -1.90637495170e+001
  -1.90695269629e+001
  -1.90864400374e+001
  -1.91959917365e+001
  -1.92928401393e+001
  -1.91757120396e+001
  -1.90989440970e+001
  -1.91381175337e+001
  -1.91748998898e+001
  -1.92035954696e+001
  -1.91145278981e+001
  -1.89367186245e+001
  -1.90434468953e+001
  -1.92794580508e+001
  -1.91768257403e+001
  -1.90081017769e+001
  -1.90914546621e+001
  -1.91674087025e+001
  -1.90380115112e+001
  -1.89289487248e+001
  -1.88963435106e+001
  -1.88718294867e+001
  -1.88623993576e+001
  -1.89108411569e+001
  -1.90476003809e+001
  -1.91300966611e+001
  -1.91594715019e+001
  -1.91327355662e+001
  -1.90701099897e+001
  -1.89585649107e+001
  -1.88254124869e+001
  -1.88693664863e+001
  -1.89696953676e+001
  -1.89719214224e+001
  -1.89534777523e+001
  -1.88867584259e+001
  -1.88135741747e+001
  -1.88838598796e+001
  -1.89616354411e+001
  -1.90205361007e+001
  -1.90783517320e+001
  -1.91447112430e+001
  -1.91973591192e+001
  -1.91201641102e+001
  -1.90487822337e+001
  -1.90146919086e+001
  -1.89988618454e+001
  -1.91074401950e+001
  -1.91969583606e+001
  -1.91793352151e+001
  -1.91603013450e+001
  -1.91334394929e+001
  -1.90939179880e+001
  -1.90040546585e+001
  -1.89445234871e+001
  -1.90288235526e+001
  -1.90907453651e+001
  -1.90355230900e+001
  -1.90092742062e+001
  -1.91556231595e+001
  -1.92531850088e+001
  -1.89856838114e+001
  -1.87710660310e+001
  -1.90058413258e+001
  -1.92315901933e+001
  -1.91815822330e+001
  -1.91317324772e+001
  -1.90664761688e+001
  -1.90017130467e+001
  -1.90731430305e+001
  -1.91503993686e+001
  -1.91053317833e+001
  -1.90467242108e+001
  -1.90678690734e+001
  -1.91041941523e+001
  -1.90220614828e+001
  -1.89043650991e+001
  -1.89398961982e+001
  -1.90471647613e+001
  -1.91546411314e+001
  -1.92597377108e+001
  -1.92409122281e+001
  -1.91036868891e+001
  -1.89925595667e+001
  -1.89177064886e+001
  -1.88493840966e+001
  -1.87950870885e+001
  -1.87621231733e+001
  -1.88254547529e+001
  -1.88839062726e+001
  -1.89219117569e+001
  -1.89586824540e+001
  -1.90449212405e+001
  -1.91360346680e+001
  -1.91294957335e+001
  -1.90968537402e+001
  -1.90851816500e+001
  -1.90847378628e+001
  -1.90668676924e+001
  -1.90309174462e+001
  -1.90195987595e+001
  -1.90580735910e+001
  -1.90845547838e+001
  -1.90518292468e+001
  -1.90179151889e+001
  -1.89414463376e+001
  -1.88623509024e+001
  -1.88614096502e+001
  -1.88781321754e+001
  -1.89689528695e+001
  -1.91041219769e+001
  -1.91841346282e+001
  -1.91913104408e+001
  -1.91897209564e+001
  -1.91557374447e+001
  -1.91177094390e+001
  -1.91335847487e+001
  -1.91466335796e+001
  -1.90664524407e+001
  -1.89638772697e+001
  -1.89383784059e+001
  -1.89671881233e+001
  -1.89754209054e+001
  -1.89480922219e+001
  -1.89246967255e+001
  -1.89444844961e+001
  -1.89640481901e+001
  -1.90071136554e+001
  -1.90538504118e+001
  -1.90759127484e+001
  -1.90799459719e+001
  -1.90536907672e+001
  -1.89706466329e+001
  -1.88976292685e+001
  -1.89665548954e+001
  -1.90361135820e+001
  -1.90076061890e+001
  -1.89519779825e+001
  -1.89145372289e+001
  -1.88953764114e+001
  -1.89030470923e+001
  -1.90188938045e+001
  -1.91356088258e+001
  -1.90599473935e+001
  -1.89628588451e+001
  -1.90310299134e+001
  -1.92178522587e+001
  -1.93155762905e+001
  -1.91641159437e+001
  -1.90154907587e+001
  -1.90327936675e+001
  -1.90597317974e+001
  -1.90204436093e+001
  -1.89385382714e+001
  -1.89009896787e+001
  -1.89867098545e+001
  -1.90719959842e+001
  -1.91065189358e+001
  -1.91346051148e+001
  -1.91288749615e+001
  -1.90971336289e+001
  -1.90829471394e+001
  -1.91437749122e+001
  -1.92043071226e+001
  -1.91477963905e+001
  -1.90650641180e+001
  -1.89854914810e+001
  -1.89072127076e+001
  -1.88327939674e+001
  -1.89203968589e+001
  -1.90078484825e+001
  -1.90197829897e+001
  -1.89886732320e+001
  -1.89785590546e+001
  -1.90404626650e+001
  -1.91026464743e+001
  -1.89816301661e+001
  -1.88228235416e+001
  -1.87450233818e+001
  -1.87870378948e+001
  -1.88285431546e+001
  -1.88835156235e+001
  -1.89389121854e+001
  -1.89748757126e+001
  -1.89932617115e+001
  -1.90105330646e+001
  -1.90138927655e+001
  -1.90166873982e+001
  -1.90060275377e+001
  -1.89873307094e+001
  -1.89866056167e+001
  -1.90854447856e+001
  -1.91855669716e+001
  -1.91301525676e+001
  -1.90029277553e+001
  -1.89084890953e+001
  -1.89386236724e+001
  -1.89673825054e+001
  -1.90230669824e+001
  -1.90898959602e+001
  -1.91228049403e+001
  -1.90293686041e+001
  -1.89369848380e+001
  -1.89830945382e+001
  -1.90890084150e+001
  -1.91564145864e+001
  -1.90500368098e+001
  -1.89450301283e+001
  -1.89357543161e+001
  -1.89722990331e+001
  -1.89956440900e+001
  -1.89515428325e+001
  -1.89076496614e+001
  -1.89010605005e+001
  -1.89206974817e+001
  -1.89405210812e+001
  -1.89665222028e+001
  -1.89912574899e+001
  -1.90124806662e+001
  -1.90306994234e+001
  -1.90486112358e+001
  -1.91011382800e+001
  -1.91575606075e+001
  -1.91788668836e+001
  -1.91286133399e+001
  -1.90782981598e+001
  -1.90453629017e+001
  -1.90174031300e+001
  -1.89884244217e+001
  -1.89593886589e+001
  -1.89304480174e+001
  -1.89624246557e+001
  -1.90444178398e+001
  -1.91262701515e+001
  -1.90926040160e+001
  -1.90507220615e+001
  -1.90620002290e+001
  -1.91904829056e+001
  -1.93207892734e+001
  -1.92976465654e+001
  -1.92038659696e+001
  -1.91120508419e+001
  -1.90536310105e+001
  -1.89955902620e+001
  -1.89587445153e+001
  -1.89532077727e+001
  -1.89474280671e+001
  -1.89739603155e+001
  -1.90119384974e+001
  -1.90503268947e+001
  -1.90911027158e+001
  -1.91311162019e+001
  -1.91216007959e+001
  -1.90395641232e+001
  -1.89582139785e+001
  -1.90052659944e+001
  -1.91028341435e+001
  -1.91971841851e+001
  -1.91611569798e+001
  -1.91246923779e+001
  -1.90759602178e+001
  -1.90019576655e+001
  -1.89278305863e+001
  -1.89139306001e+001
  -1.89380203109e+001
  -1.89612910941e+001
  -1.89764655338e+001
  -1.89904793306e+001
  -1.90166663678e+001
  -1.91092805168e+001
  -1.92029930989e+001
  -1.92292799124e+001
  -1.91611031105e+001
  -1.90934282427e+001
  -1.90489867865e+001
  -1.90159360794e+001
  -1.89830073807e+001
  -1.90790637100e+001
  -1.91888690612e+001
  -1.92833092921e+001
  -1.92790303012e+001
  -1.92747536165e+001
  -1.92520513558e+001
  -1.91956608739e+001
  -1.91365895780e+001
  -1.90709733913e+001
  -1.90014411475e+001
  -1.89313017935e+001
  -1.89634769090e+001
  -1.90242495889e+001
  -1.90854066202e+001
  -1.90656513925e+001
  -1.90394245456e+001
  -1.90152409799e+001
  -1.90236109326e+001
  -1.90318242476e+001
  -1.90549192428e+001
  -1.91069733422e+001
  -1.91584560442e+001
  -1.91741934663e+001
  -1.91546066161e+001
  -1.91342230304e+001
  -1.91081749958e+001
  -1.90784220437e+001
  -1.90474068952e+001
  -1.90589249652e+001
  -1.90807693071e+001
  -1.91025319414e+001
  -1.90801283154e+001
  -1.90544703203e+001
  -1.90351539998e+001
  -1.91086654483e+001
  -1.91827851215e+001
  -1.92329333761e+001
  -1.91761886291e+001
  -1.91197510770e+001
  -1.91061479367e+001
  -1.91953742000e+001
  -1.92851086058e+001
  -1.93053486936e+001
  -1.92165832953e+001
  -1.91278326543e+001
  -1.90924026441e+001
  -1.91148120066e+001
  -1.91367344961e+001
  -1.91619405583e+001
  -1.91886253168e+001
  -1.92134197047e+001
  -1.91646366780e+001
  -1.90728746098e+001
  -1.89820524197e+001
  -1.90071261809e+001
  -1.90863129686e+001
  -1.91653629722e+001
  -1.91432636198e+001
  -1.90819348198e+001
  -1.90190705329e+001
  -1.90815068142e+001
  -1.91828652953e+001
  -1.92843166152e+001
  -1.92690610459e+001
  -1.92233283720e+001
  -1.91777684363e+001
  -1.91505169848e+001
  -1.91275188700e+001
  -1.91044786356e+001
  -1.91084878693e+001
  -1.91183615173e+001
  -1.91279733729e+001
  -1.91506866990e+001
  -1.91734616640e+001
  -1.91928478891e+001
  -1.91243002204e+001
  -1.90345588725e+001
  -1.89452399744e+001
  -1.89228472167e+001
  -1.89197614840e+001
  -1.89166722150e+001
  -1.89646331458e+001
  -1.90305651557e+001
  -1.90966581980e+001
  -1.90902708070e+001
  -1.90521334671e+001
  -1.90138126061e+001
  -1.90554919900e+001
  -1.91422490641e+001
  -1.92294521706e+001
  -1.91920219491e+001
  -1.90634737563e+001
  -1.89357425568e+001
  -1.89035977831e+001
  -1.89662015291e+001
  -1.90289442895e+001
  -1.90602723760e+001
  -1.90461297336e+001
  -1.90306213615e+001
  -1.90227901837e+001
  -1.90339093771e+001
  -1.90450502110e+001
  -1.90500409051e+001
  -1.90318875135e+001
  -1.90137211375e+001
  -1.89942034316e+001
  -1.89602749051e+001
  -1.89240138741e+001
  -1.88854542095e+001
  -1.88790540065e+001
  -1.88728892760e+001
  -1.88657076284e+001
  -1.89600758930e+001
  -1.90771513767e+001
  -1.91953285377e+001
  -1.92231352795e+001
  -1.92068813135e+001
  -1.91904147746e+001
  -1.91371166877e+001
  -1.90495086538e+001
  -1.89623467314e+001
  -1.89360350717e+001
  -1.90262728594e+001
  -1.91173954729e+001
  -1.92013681468e+001
  -1.92437670971e+001
  -1.92863885677e+001
  -1.93292346625e+001
  -1.93035709717e+001
  -1.92736554965e+001
  -1.92417907196e+001
  -1.92105942037e+001
  -1.91799609932e+001
  -1.91493126989e+001
  -1.91187368023e+001
  -1.90879337556e+001
  -1.90567589591e+001
  -1.90640125911e+001
  -1.91531691716e+001
  -1.92431703194e+001
  -1.93179987965e+001
  -1.92219943363e+001
  -1.91258849853e+001
  -1.90297070357e+001
  -1.90299718296e+001
  -1.90484065707e+001
  -1.90662638128e+001
  -1.90645216915e+001
  -1.90485268443e+001
  -1.90321704328e+001
  -1.90218835411e+001
  -1.90258829600e+001
  -1.90298865771e+001
  -1.90338714037e+001
  -1.90362236739e+001
  -1.90369800629e+001
  -1.90361254773e+001
  -1.90271946000e+001
  -1.90153906444e+001
  -1.90032120710e+001
  -1.90001715299e+001
  -1.90095203012e+001
  -1.90187918124e+001
  -1.90206452978e+001
  -1.89663126983e+001
  -1.89114990534e+001
  -1.88562225478e+001
  -1.88828842239e+001
  -1.89315167022e+001
  -1.89802513137e+001
  -1.89738367054e+001
  -1.89005782697e+001
  -1.88274097122e+001
  -1.87665285360e+001
  -1.88108530090e+001
  -1.88539137140e+001
  -1.88956528607e+001
  -1.88992041611e+001
  -1.88896115371e+001
  -1.88797718562e+001
  -1.88672083354e+001
  -1.88496591605e+001
  -1.88310858755e+001
  -1.88114932684e+001
  -1.88355419767e+001
  -1.88600966169e+001
  -1.88845960112e+001
  -1.88399346920e+001
  -1.87480962325e+001
  -1.86566920937e+001
  -1.85969876190e+001
  -1.86744604939e+001
  -1.87523733287e+001
  -1.88307262567e+001
  -1.88135777141e+001
  -1.87676600888e+001
  -1.87219302915e+001
  -1.87111640093e+001
  -1.87673796189e+001
  -1.88218211635e+001
  -1.88743868882e+001
  -1.89173698882e+001
  -1.89592377154e+001
  -1.90009562240e+001
  -1.89875590300e+001
  -1.89056428713e+001
  -1.88243910557e+001
  -1.87437930368e+001
  -1.87493249680e+001
  -1.87556184253e+001
  -1.87607639456e+001
  -1.87447735515e+001
  -1.87084554286e+001
  -1.86718769671e+001
  -1.86362301398e+001
  -1.86902990015e+001
  -1.87446791715e+001
  -1.87993727807e+001
  -1.88332092282e+001
  -1.88469161684e+001
  -1.88605343192e+001
  -1.88740628125e+001
</dep>
<dep S[1,1] frequency>
  +1.34984897023e-001-j3.56367209055e-002
  +1.33235862640e-001-j3.81983127635e-002
  +1.28754616823e-001-j4.23883232747e-002
  +1.28763211777e-001-j4.28967245278e-002
  +1.24853665685e-001-j4.20447136579e-002
  +1.19541855919e-001-j4.56569534723e-002
  +1.15344854822e-001-j5.23478715578e-002
  +1.15407757470e-001-j5.29009286641e-002
  +1.14493172653e-001-j5.34628283562e-002
  +1.13200548287e-001-j5.07241908933e-002
  +1.08622349341e-001-j5.12791835685e-002
  +1.07883836828e-001-j5.46804313227e-002
  +1.05386305835e-001-j5.54168668835e-002
  +1.03259399696e-001-j5.62621382879e-002
  +1.02563859217e-001-j5.52330891009e-002
  +9.89185026903e-002-j5.89919970777e-002
  +9.74113104417e-002-j5.71621701664e-002
  +9.82090467522e-002-j5.84850342441e-002
  +9.52521983888e-002-j5.94187207970e-002
  +9.42235977607e-002-j6.27502413069e-002
  +9.04172212322e-002-j6.03345794235e-002
  +8.90127510429e-002-j6.08727879314e-002
  +8.86634037861e-002-j6.23137788005e-002
  +8.72791091336e-002-j5.93547204462e-002
  +8.43943651874e-002-j6.24650629396e-002
  +8.21709108438e-002-j6.34392086732e-002
  +8.53452572208e-002-j6.15123812883e-002
  +8.63689713965e-002-j5.93995502138e-002
  +8.21961090626e-002-j5.81581118538e-002
  +7.60579300011e-002-j6.10566663805e-002
  +7.81550491732e-002-j5.78189907740e-002
  +7.85893325639e-002-j6.24197995331e-002
  +7.97804143673e-002-j6.32107982619e-002
  +7.62551750917e-002-j6.12321751081e-002
  +7.59606291717e-002-j6.43617705622e-002
  +7.82441555343e-002-j6.05372989552e-002
  +7.73094023500e-002-j6.13739295615e-002
  +7.32953161204e-002-j6.46870612894e-002
  +7.23277977074e-002-j6.36154152904e-002
  +7.37582265588e-002-j6.41774856975e-002
  +7.07985359577e-002-j6.27775939699e-002
  +7.07562975417e-002-j6.67397730738e-002
  +6.80186327420e-002-j6.47103461740e-002
  +6.62200330220e-002-j6.33122784643e-002
  +6.93326408017e-002-j6.73777531975e-002
  +6.98032267472e-002-j6.18371695076e-002
  +6.91045414252e-002-j6.20764439721e-002
  +6.72304194621e-002-j6.47263640816e-002
  +6.53859652709e-002-j6.49061451297e-002
  +6.70236141935e-002-j6.62109358312e-002
  +6.24320369643e-002-j6.53728271639e-002
  +6.63669669075e-002-j6.28597456523e-002
  +6.56004695923e-002-j6.70255551831e-002
  +6.53050988929e-002-j6.65322717446e-002
  +6.42131131514e-002-j6.76022953803e-002
  +6.27543402796e-002-j6.48876264993e-002
  +6.16500641645e-002-j6.64865533462e-002
  +6.25903776274e-002-j6.72278167040e-002
  +6.19106080451e-002-j6.93047102901e-002
  +6.32915841415e-002-j6.67350790188e-002
  +5.88473642406e-002-j6.69997931017e-002
  +5.81028275548e-002-j7.01506700506e-002
  +5.85178111707e-002-j6.85081570218e-002
  +6.01095969964e-002-j6.77801114075e-002
  +5.85589226736e-002-j6.74348677449e-002
  +5.72213179840e-002-j6.74551510861e-002
  +5.39635412025e-002-j6.97348990323e-002
  +5.71171993261e-002-j6.92553265839e-002
  +5.49020441809e-002-j6.65940503791e-002
  +5.62963035449e-002-j6.80191936465e-002
  +5.30290777601e-002-j6.89475196211e-002
  +5.48559377447e-002-j6.86578163006e-002
  +5.38805705813e-002-j7.13687477677e-002
  +5.44723823164e-002-j7.20679170323e-002
  +5.63783288347e-002-j6.86773455253e-002
  +5.37818374334e-002-j7.08523454986e-002
  +5.18336640947e-002-j6.79881550078e-002
  +5.53567883751e-002-j6.77381990261e-002
  +5.46175262657e-002-j7.14984737700e-002
  +5.37433595381e-002-j7.03226187822e-002
  +5.08947421798e-002-j7.25797151771e-002
  +5.20179348405e-002-j7.05510832885e-002
  +4.94669700224e-002-j7.22233036226e-002
  +5.06941046441e-002-j7.06734741067e-002
  +4.68696187270e-002-j7.12230342034e-002
  +5.13406186254e-002-j7.06645387660e-002
  +4.82369615561e-002-j7.16049651710e-002
  +4.93754207832e-002-j7.10547285178e-002
  +4.95706351872e-002-j7.34888476693e-002
  +5.01334879177e-002-j7.45527560319e-002
  +4.50562311774e-002-j7.11192287397e-002
  +4.28333573909e-002-j7.37379517985e-002
  +4.87537947609e-002-j7.33900445507e-002
  +4.94774648205e-002-j7.31900958660e-002
  +4.56776070643e-002-j7.44223356311e-002
  +4.66488621152e-002-j7.45920680946e-002
  +4.59997718895e-002-j7.19736469988e-002
  +4.66612161344e-002-j7.50691781636e-002
  +4.65212631745e-002-j7.67041678297e-002
  +4.37324685131e-002-j7.55570387980e-002
  +4.33972117344e-002-j7.55585666968e-002
  +4.29304947145e-002-j7.60072517908e-002
  +4.33173263633e-002-j7.70490799806e-002
  +4.33201162996e-002-j7.58993768743e-002
  +4.11140098157e-002-j7.73231502025e-002
  +3.98987321837e-002-j7.60903217006e-002
  +4.05221225997e-002-j7.61152979627e-002
  +4.22526757999e-002-j7.91382562774e-002
  +4.02268243877e-002-j7.82720446099e-002
  +4.62871239837e-002-j7.85259007722e-002
  +3.76879344937e-002-j7.53248138122e-002
  +4.06479320816e-002-j7.83191448484e-002
  +4.02003399301e-002-j7.44836758768e-002
  +4.04074850009e-002-j7.96972251299e-002
  +3.57024411667e-002-j7.66593599478e-002
  +3.66994780152e-002-j7.97117260276e-002
  +3.64390182367e-002-j8.14413647502e-002
  +3.64165410907e-002-j8.09504314280e-002
  +3.51629918233e-002-j7.85649938984e-002
  +3.61306303639e-002-j7.79325168556e-002
  +3.64201436483e-002-j8.11822580616e-002
  +3.80639200302e-002-j7.91954419279e-002
  +3.57338841961e-002-j8.04460513595e-002
  +3.68665813413e-002-j8.15978868915e-002
  +3.74574107714e-002-j8.03683472441e-002
  +3.35844077640e-002-j8.03035312160e-002
  +3.35867506880e-002-j8.08272472773e-002
  +3.51657955267e-002-j8.34633155254e-002
  +3.44195895884e-002-j8.25276817185e-002
  +3.34134983154e-002-j8.18085480288e-002
  +3.28205014006e-002-j7.90307193843e-002
  +3.08989304709e-002-j8.31089207786e-002
  +3.27851358353e-002-j7.87706865782e-002
  +3.17845428775e-002-j8.05574268392e-002
  +3.18810760055e-002-j8.03815567634e-002
  +3.37488664146e-002-j8.21485427016e-002
  +3.35464113257e-002-j8.12929528662e-002
  +3.03335217462e-002-j8.36866414081e-002
  +2.90104017379e-002-j7.98804950900e-002
  +2.97955363008e-002-j8.32111502897e-002
  +2.89091218267e-002-j8.19730439311e-002
  +3.02906260693e-002-j8.45985341629e-002
  +2.59776993815e-002-j8.47739929834e-002
  +2.94043307551e-002-j8.02169616703e-002
  +2.88424023228e-002-j8.25960451055e-002
  +2.79103773158e-002-j8.28435660299e-002
  +2.79458259716e-002-j8.65517806279e-002
  +2.60633683113e-002-j8.08682186832e-002
  +2.69363294613e-002-j8.42910535546e-002
  +2.67710672433e-002-j8.14916552262e-002
  +2.45970153836e-002-j8.64674249597e-002
  +2.52077579224e-002-j8.54515271064e-002
  +2.60182849583e-002-j8.38411896410e-002
  +2.62256306855e-002-j8.67405059952e-002
  +2.27164387940e-002-j8.54054542441e-002
  +2.31014218088e-002-j8.42924575600e-002
  +2.42338047616e-002-j8.37387865402e-002
  +2.89289181661e-002-j8.73568256707e-002
  +2.05629593290e-002-j8.65625044857e-002
  +1.90902699774e-002-j8.76115493107e-002
  +2.14944985986e-002-j8.47800575786e-002
  +2.22403096337e-002-j8.57304271299e-002
  +2.36550673139e-002-j8.78315105362e-002
  +2.10799991656e-002-j8.72673475027e-002
  +2.22847737973e-002-j8.60372104544e-002
  +1.79863936437e-002-j8.68443436044e-002
  +2.14083901058e-002-j8.80616219491e-002
  +1.98537070066e-002-j8.78703481033e-002
  +2.15180793061e-002-j8.47387730725e-002
  +1.96257537729e-002-j8.76600200503e-002
  +1.64357467359e-002-j9.18377261548e-002
  +1.83153750230e-002-j8.72231669957e-002
  +1.71285781155e-002-j8.89042832059e-002
  +1.61641604292e-002-j8.89375777399e-002
  +1.52576379467e-002-j9.01399668514e-002
  +1.55669938959e-002-j9.11696620151e-002
  +1.48760747679e-002-j9.01816280688e-002
  +1.49546259642e-002-j8.99759191057e-002
  +1.61187768788e-002-j8.93265481919e-002
  +1.53423873851e-002-j8.93818678762e-002
  +1.62747845995e-002-j8.79774061812e-002
  +1.39800721367e-002-j8.96831885554e-002
  +1.17883661483e-002-j9.15002811614e-002
  +1.05863279869e-002-j9.00143594362e-002
  +1.28732137621e-002-j9.18789264065e-002
  +1.13513023225e-002-j9.01437793089e-002
  +1.27866508618e-002-j8.99156588796e-002
  +1.02159734534e-002-j9.00798972793e-002
  +1.00948756621e-002-j8.82747085487e-002
  +1.24922590436e-002-j8.97028927242e-002
  +9.00852579836e-003-j9.08958337658e-002
  +6.56424682120e-003-j8.88029564167e-002
  +9.83606996123e-003-j8.83617724035e-002
  +7.92755564569e-003-j9.09933997424e-002
  +8.90494857201e-003-j9.24175412955e-002
  +1.10685808342e-002-j8.95773258519e-002
  +8.60409432220e-003-j9.05958593175e-002
  +6.98688996178e-003-j9.26147142047e-002
  +8.09108667179e-003-j9.15728317425e-002
  +9.19402101789e-003-j9.31590943210e-002
  +6.16552608819e-003-j9.29869137395e-002
  +5.80492739865e-003-j9.21497915423e-002
  +8.43543252090e-003-j9.20172315400e-002
  +8.79264441413e-003-j9.29316997428e-002
  +5.26448857897e-003-j9.45202269548e-002
  +3.76807603132e-003-j9.22942628034e-002
  +3.27968004761e-003-j9.43057794905e-002
  +5.09952675156e-003-j9.32661252467e-002
  +4.69449123921e-003-j9.12560537167e-002
  +1.75701689677e-003-j9.28769966571e-002
  +3.22040125903e-003-j9.31999494681e-002
  +1.61323053893e-003-j9.41777355188e-002
  +1.91749541773e-003-j9.11021677882e-002
  +2.44721199451e-003-j9.21577785299e-002
  +2.52979650307e-003-j9.45232093322e-002
  +8.95394529486e-004-j9.33607354021e-002
  +6.57522446022e-004-j9.25794033211e-002
  +7.25514967734e-004-j9.46507173806e-002
  -1.27273349253e-003-j9.23940771892e-002
  +1.29997277291e-003-j9.37672569991e-002
  -1.25637601024e-003-j9.40542482711e-002
  -1.43532120608e-003-j9.37930278729e-002
  -2.54617815537e-003-j9.48910232609e-002
  -2.70098233086e-003-j9.60882227913e-002
  -9.99760224803e-005-j9.59262290783e-002
  -4.00546363656e-003-j9.42714704643e-002
  +1.19764736600e-004-j9.34440443049e-002
  -4.60706033155e-003-j9.21245772375e-002
  -5.08477399905e-003-j9.55053802651e-002
  -5.87431641935e-003-j9.37956782215e-002
  -4.06155035568e-003-j9.43326647429e-002
  -2.95581651261e-003-j9.49059353424e-002
  -5.13694854069e-003-j9.43071739124e-002
  -5.19173498020e-003-j9.17640299833e-002
  -4.14118902482e-003-j9.61335357614e-002
  -4.66705771355e-003-j9.60552888742e-002
  -6.83954570249e-003-j9.21683589265e-002
  -6.29683689066e-003-j9.54388737189e-002
  -8.18156509453e-003-j9.57691888993e-002
  -9.58406758213e-003-j9.45251158364e-002
  -1.05610907931e-002-j9.38726912757e-002
  -8.43649569677e-003-j9.36135879669e-002
  -8.97437483920e-003-j9.59551337141e-002
  -1.05299514034e-002-j9.62927818495e-002
  -1.13033488583e-002-j9.26001245832e-002
  -1.03568706940e-002-j9.68667246065e-002
  -1.35676048330e-002-j9.76896699801e-002
  -1.32365334661e-002-j9.63726454374e-002
  -1.30911570681e-002-j9.56155539061e-002
  -1.07947537448e-002-j9.62441295343e-002
  -1.24431716460e-002-j9.35998945897e-002
  -1.43310988787e-002-j9.67558767555e-002
  -1.38301681376e-002-j9.67772847060e-002
  -1.43758673493e-002-j9.64070914060e-002
  -1.48542749167e-002-j9.72839154663e-002
  -1.44678158898e-002-j9.37684096110e-002
  -1.33533053240e-002-j9.52252370446e-002
  -1.18187690915e-002-j9.54688931753e-002
  -1.65912399692e-002-j9.51507129072e-002
  -1.82707243008e-002-j9.67793961816e-002
  -1.64052352918e-002-j9.66591297146e-002
  -1.39107039002e-002-j9.60457593053e-002
  -1.86119049066e-002-j9.39464904515e-002
  -1.71285513472e-002-j9.69766304797e-002
  -1.87134885475e-002-j9.43604314059e-002
  -2.15284229321e-002-j9.63425309322e-002
  -2.05440977251e-002-j9.67621427731e-002
  -1.93319321385e-002-j9.65594817998e-002
  -2.06334035426e-002-j9.32984218802e-002
  -1.95264461614e-002-j9.83329053114e-002
  -1.73006597092e-002-j9.76906182270e-002
  -2.06815616015e-002-j9.46920730948e-002
  -1.97077853781e-002-j9.65387053781e-002
  -2.33402202461e-002-j9.46020229547e-002
  -2.20713759741e-002-j9.66573525469e-002
  -2.28053486569e-002-j9.43841401870e-002
  -2.19294163401e-002-j9.67211922268e-002
  -2.42859436978e-002-j9.56452001736e-002
  -2.45359835281e-002-j9.56608356703e-002
  -2.37326084293e-002-j9.65862457353e-002
  -2.29708489326e-002-j9.69186614617e-002
  -2.37263847091e-002-j9.68193079750e-002
  -2.53691371113e-002-j9.59316899147e-002
  -2.55362619651e-002-j9.46239758269e-002
  -2.64286578175e-002-j9.45204453533e-002
  -2.97559352611e-002-j9.47928237661e-002
  -2.93998230154e-002-j9.52790025209e-002
  -2.66369903349e-002-j1.01030024154e-001
  -2.78036819346e-002-j9.84932957884e-002
  -2.84315871801e-002-j9.60102200663e-002
  -2.96382827896e-002-j9.53334704653e-002
  -3.08712107209e-002-j9.41934472599e-002
  -2.99078794620e-002-j9.44490619398e-002
  -2.87824168710e-002-j9.61997304237e-002
  -2.88974797931e-002-j9.70066762989e-002
  -2.89151705155e-002-j9.63031618307e-002
  -3.08013965997e-002-j9.71368600101e-002
  -3.39188828941e-002-j9.55228864920e-002
  -3.42778417152e-002-j9.35752569271e-002
  -3.16223902545e-002-j9.49213868056e-002
  -3.13118210728e-002-j9.34350176339e-002
  -3.27667177685e-002-j9.35336928466e-002
  -3.27420448703e-002-j9.50423979444e-002
  -3.19893947228e-002-j9.56541316354e-002
  -3.52082086329e-002-j9.62036193069e-002
  -3.68805323439e-002-j9.68276433281e-002
  -3.55700919416e-002-j9.88221429438e-002
  -3.37565595122e-002-j9.65461382226e-002
  -3.30291750981e-002-j9.55743986123e-002
  -3.53976222275e-002-j9.61940459546e-002
  -3.73599985811e-002-j9.70012407957e-002
  -3.46151108958e-002-j9.68451697174e-002
  -3.68623796670e-002-j9.49920394375e-002
  -3.54683126862e-002-j9.38289855818e-002
  -3.62212750935e-002-j9.50715304358e-002
  -3.60115531844e-002-j9.39337188428e-002
  -3.64220886144e-002-j9.13564249511e-002
  -3.86942299905e-002-j9.09422070696e-002
  -4.02191448744e-002-j9.55721988634e-002
  -4.12395151683e-002-j9.35960056599e-002
  -4.00810354115e-002-j9.60996991431e-002
  -3.92864537800e-002-j9.55611305786e-002
  -3.98318109218e-002-j9.39899940529e-002
  -4.10084446053e-002-j9.40590535486e-002
  -3.99070744557e-002-j9.34576431770e-002
  -4.08036913783e-002-j9.44016065568e-002
  -4.00571713641e-002-j9.46076191784e-002
  -4.10702559026e-002-j9.46690052996e-002
  -4.25377889100e-002-j9.48254976815e-002
  -4.07331473912e-002-j9.50321192476e-002
  -4.12000754574e-002-j9.53479025442e-002
  -4.05061796271e-002-j9.38135167642e-002
  -4.30860598635e-002-j9.34893121977e-002
  -4.58688696593e-002-j9.29323179856e-002
  -4.41867474563e-002-j9.01048780046e-002
  -4.15382076878e-002-j9.09683433661e-002
  -4.52115563630e-002-j9.07564455503e-002
  -4.54918651581e-002-j9.11112752875e-002
  -4.36598879883e-002-j9.16483234702e-002
  -4.50108103678e-002-j9.12654838548e-002
  -4.71142764947e-002-j9.12046113233e-002
  -4.68484669082e-002-j9.09863289480e-002
  -4.74534267912e-002-j9.20041232052e-002
  -4.85952864495e-002-j9.34684376200e-002
  -4.51899453732e-002-j9.13868898847e-002
  -4.81011461058e-002-j9.15114845630e-002
  -5.03344543993e-002-j9.21581100425e-002
  -5.07322382292e-002-j9.26012862435e-002
  -4.89478066832e-002-j9.22545639286e-002
  -4.80441772031e-002-j9.20645159084e-002
  -4.92750201316e-002-j9.20197637880e-002
  -5.07657743438e-002-j9.24280539550e-002
  -5.14394480710e-002-j9.31940395011e-002
  -5.15624490509e-002-j9.22893780125e-002
  -5.23211794477e-002-j9.04774970841e-002
  -5.27562159681e-002-j8.99629163476e-002
  -5.25622999480e-002-j9.12021071402e-002
  -5.19971389199e-002-j9.23293152345e-002
  -5.18444051541e-002-j9.09307383612e-002
  -5.27042064908e-002-j9.10096043128e-002
  -5.41934321402e-002-j9.27796127354e-002
  -5.30909206188e-002-j9.03941301034e-002
  -5.30037513659e-002-j9.02991503637e-002
  -5.35959645591e-002-j9.05614494233e-002
  -5.47128678883e-002-j9.05740308982e-002
  -5.59020175456e-002-j9.15577479880e-002
  -5.59916198318e-002-j9.11539591140e-002
  -5.54461708210e-002-j9.04772463651e-002
  -5.45162387787e-002-j9.02472910974e-002
  -5.54577432455e-002-j8.72870527846e-002
  -5.65820496819e-002-j8.67790761729e-002
  -5.71705844578e-002-j8.81693982333e-002
  -5.57933163538e-002-j9.07859199736e-002
  -5.70825844431e-002-j9.19782326545e-002
  -5.79099049341e-002-j9.06445534887e-002
  -5.78185471381e-002-j8.71429568484e-002
  -5.83063238356e-002-j8.76510724990e-002
  -5.99919677516e-002-j8.63911983075e-002
  -6.10534240501e-002-j8.55211716013e-002
  -5.92225936795e-002-j8.75996068619e-002
  -5.90597952120e-002-j8.69135943881e-002
  -5.90155715772e-002-j8.66071923467e-002
  -5.89421137809e-002-j8.71147494341e-002
  -6.03323314951e-002-j8.71379961162e-002
  -6.03741503802e-002-j8.68633204172e-002
  -6.02764339778e-002-j8.65594958939e-002
  -6.25392195374e-002-j8.67812925182e-002
  -6.22133516374e-002-j8.56598372666e-002
  -6.11302644922e-002-j8.51506887068e-002
  -5.99907608241e-002-j8.65076976915e-002
  -6.25893060803e-002-j8.47325993821e-002
  -6.52956510789e-002-j8.46182938233e-002
  -6.76225113811e-002-j8.67538105520e-002
  -6.58697330806e-002-j8.61370222701e-002
  -6.46760645285e-002-j8.66725058790e-002
  -6.39172550615e-002-j8.79827973854e-002
  -6.30551587550e-002-j8.80875524790e-002
  -6.42524104171e-002-j8.60554818932e-002
  -6.62547527405e-002-j8.34016250164e-002
  -6.63356472006e-002-j8.37603481043e-002
  -6.59077413694e-002-j8.38312741292e-002
  -6.56326221852e-002-j8.35707159884e-002
  -6.67627285833e-002-j8.25546552222e-002
  -6.55526669073e-002-j8.47302534804e-002
  -6.45285513771e-002-j8.62833102790e-002
  -6.68422013681e-002-j8.20495113543e-002
  -6.74209537411e-002-j8.30133768952e-002
  -6.76024038759e-002-j8.51126060722e-002
  -6.83855934239e-002-j8.52274161400e-002
  -6.73626115126e-002-j8.51234322364e-002
  -6.64204754992e-002-j8.43220118611e-002
  -6.78739974898e-002-j8.14391302036e-002
  -6.76606996099e-002-j8.23857562707e-002
  -6.70448359779e-002-j8.44317623383e-002
  -6.74776449512e-002-j8.47334581781e-002
  -6.83901466255e-002-j8.39196635815e-002
  -6.95844295768e-002-j8.26705486166e-002
  -7.10554613005e-002-j8.21202828397e-002
  -7.24403798532e-002-j8.12974277667e-002
  -7.35703888580e-002-j8.05044430086e-002
  -7.17393859100e-002-j8.28225357091e-002
  -7.15136558076e-002-j8.25522246760e-002
  -7.27871489283e-002-j7.98552151016e-002
  -7.26758295258e-002-j8.22740386929e-002
  -7.26879433089e-002-j8.25803977202e-002
  -7.29451168198e-002-j7.95584357999e-002
  -7.33306160825e-002-j7.81873448692e-002
  -7.38234694970e-002-j7.77051599695e-002
  -7.45350543407e-002-j7.87443506543e-002
  -7.53471062544e-002-j7.86157831076e-002
  -7.60483570129e-002-j7.80558918968e-002
  -7.57107568080e-002-j7.78662281577e-002
  -7.54164235051e-002-j7.82402154985e-002
  -7.51598531938e-002-j7.90858424831e-002
  -7.42896048309e-002-j7.92905578534e-002
  -7.39968698731e-002-j7.96938505312e-002
  -7.47768006735e-002-j8.04976116823e-002
  -7.62211286610e-002-j8.08952991322e-002
  -7.72987956342e-002-j8.08034406277e-002
  -7.52731902199e-002-j7.87513762216e-002
  -7.52361642188e-002-j7.75976313692e-002
  -7.68607191772e-002-j7.71956044557e-002
  -7.70547676120e-002-j7.61990949590e-002
  -7.75285737076e-002-j7.55027727263e-002
  -7.88776868438e-002-j7.55857827654e-002
  -7.91394476703e-002-j7.52115866359e-002
  -7.89850214382e-002-j7.46601793580e-002
  -8.07401900765e-002-j7.48659887124e-002
  -8.08863666076e-002-j7.51998626877e-002
  -7.87106394665e-002-j7.57241444219e-002
  -7.98658647956e-002-j7.52995907288e-002
  -8.16896926743e-002-j7.43690551967e-002
  -8.08123483372e-002-j7.17830288113e-002
  -8.06895631567e-002-j7.15873804747e-002
  -8.14561572696e-002-j7.41932502336e-002
  -8.20930883838e-002-j7.47631925288e-002
  -8.26600140709e-002-j7.45151292411e-002
  -8.29897975174e-002-j7.22553111105e-002
  -8.31896087565e-002-j7.19088979519e-002
  -8.32387047843e-002-j7.38010814972e-002
  -8.15377889498e-002-j7.41170010874e-002
  -7.96609072135e-002-j7.40884920882e-002
  -8.06190469559e-002-j7.48475161121e-002
  -8.16821634898e-002-j7.43321614184e-002
  -8.29002581089e-002-j7.19855224252e-002
  -8.33341577671e-002-j7.09131016230e-002
  -8.34541548256e-002-j7.03874201239e-002
  -8.35912153924e-002-j7.25814526416e-002
  -8.40897220876e-002-j7.32119048882e-002
  -8.53972426117e-002-j7.03273926095e-002
  -8.52572938264e-002-j6.95035967041e-002
  -8.41289679065e-002-j7.00858225456e-002
  -8.37183429016e-002-j6.97737015652e-002
  -8.38660858123e-002-j6.95231363506e-002
  -8.65573840224e-002-j7.03160314655e-002
  -8.82843876165e-002-j7.03890683442e-002
  -8.87001795789e-002-j6.94778541367e-002
  -8.81717842293e-002-j6.85261857987e-002
  -8.72096619018e-002-j6.75559343774e-002
  -8.64476589469e-002-j6.90057166129e-002
  -8.60503844595e-002-j6.98623570190e-002
  -8.70797855921e-002-j6.77078074483e-002
  -8.83809469300e-002-j6.73096525138e-002
  -9.00187215597e-002-j6.91181616743e-002
  -9.03192373040e-002-j6.70291088240e-002
  -9.00036804446e-002-j6.31212908013e-002
  -9.00004921283e-002-j6.51857859872e-002
  -8.99389288615e-002-j6.73276518091e-002
  -8.93295767156e-002-j6.67781354249e-002
  -8.91404538137e-002-j6.61951457460e-002
  -8.96762260667e-002-j6.55540594636e-002
  -8.97769850229e-002-j6.52424887556e-002
  -8.95672439926e-002-j6.51663257972e-002
  -8.98041956923e-002-j6.58424793519e-002
  -9.01581165433e-002-j6.67130574704e-002
  -9.00599134832e-002-j6.68333643771e-002
  -8.98930511347e-002-j6.65441776129e-002
  -8.94469518642e-002-j6.45721257303e-002
  -8.93877866193e-002-j6.34853961075e-002
  -8.99429391546e-002-j6.38061874002e-002
  -9.05281178343e-002-j6.39756751330e-002
  -9.11355613163e-002-j6.40321580039e-002
  -9.22257460653e-002-j6.23195555885e-002
  -9.34799299063e-002-j6.00221882752e-002
  -9.20568785091e-002-j5.96596742204e-002
  -9.06474025998e-002-j5.95937036039e-002
  -9.15672477975e-002-j6.08728888135e-002
  -9.21046760412e-002-j6.18256248133e-002
  -9.15073542969e-002-j6.18189695963e-002
  -9.16683747750e-002-j6.07391112497e-002
  -9.29424496620e-002-j5.80895525842e-002
  -9.41988672876e-002-j5.82080343208e-002
  -9.54373886305e-002-j6.05453623660e-002
  -9.39456107848e-002-j6.03171707616e-002
  -9.12516225294e-002-j5.89730509443e-002
  -9.22603838947e-002-j5.97912289276e-002
  -9.40180949471e-002-j6.10441523853e-002
  -9.33932384060e-002-j6.00385024788e-002
  -9.28896917801e-002-j5.90314484599e-002
  -9.48310383188e-002-j5.90476246122e-002
  -9.63473504002e-002-j5.92798314982e-002
  -9.61670630246e-002-j6.03758422985e-002
  -9.65598969192e-002-j6.03532578799e-002
  -9.82347391266e-002-j5.78312261101e-002
  -9.80877241563e-002-j5.68258376254e-002
  -9.53375499873e-002-j5.79894467166e-002
  -9.44034964069e-002-j5.74952566262e-002
  -9.52208692253e-002-j5.53927002939e-002
  -9.56957840922e-002-j5.52505200874e-002
  -9.59416591270e-002-j5.64167543812e-002
  -9.74561759010e-002-j5.66765738997e-002
  -9.95552996239e-002-j5.65190049830e-002
  -9.94399883193e-002-j5.55461411006e-002
  -9.86268436970e-002-j5.43153162229e-002
  -9.90757369641e-002-j5.34313564282e-002
  -9.97807693593e-002-j5.26178199285e-002
  -9.99800568835e-002-j5.40908700276e-002
  -1.00123828204e-001-j5.58269442885e-002
  -9.95896153174e-002-j5.48850582528e-002
  -9.90235910313e-002-j5.38078592530e-002
  -9.91519926681e-002-j5.19494686741e-002
  -9.92049739802e-002-j5.02248855211e-002
  -9.77651414890e-002-j5.11728113687e-002
  -9.65177067915e-002-j5.20988448827e-002
  -9.72808282904e-002-j5.27459922033e-002
  -9.80991171304e-002-j5.31526053668e-002
  -9.93365347963e-002-j5.17589632401e-002
  -1.00196114206e-001-j5.05301148953e-002
  -9.87513320287e-002-j5.02971530083e-002
  -9.75403281306e-002-j5.01692326357e-002
  -9.75775370950e-002-j5.05827201354e-002
  -9.77929325648e-002-j5.06911129986e-002
  -9.88785556480e-002-j4.93087755679e-002
  -9.99119555073e-002-j4.83480096723e-002
  -1.00688983660e-001-j4.93886079752e-002
  -1.01248278004e-001-j4.99988618782e-002
  -1.00750884742e-001-j4.85307817175e-002
  -1.00485200006e-001-j4.72404144460e-002
  -1.01431801188e-001-j4.68859263627e-002
  -1.01963557159e-001-j4.65384991572e-002
  -1.00042737729e-001-j4.62339040875e-002
  -9.87534665782e-002-j4.60875484908e-002
  -1.02060677360e-001-j4.70578394355e-002
  -1.04840067540e-001-j4.77414595175e-002
  -1.02458535194e-001-j4.55475721742e-002
  -1.00227129704e-001-j4.34745035926e-002
  -1.00857124886e-001-j4.36071000349e-002
  -1.01489085831e-001-j4.37388735186e-002
  -1.02358581237e-001-j4.38262739604e-002
  -1.03227432821e-001-j4.39133972728e-002
  -1.02809043944e-001-j4.25359177998e-002
  -1.02333455099e-001-j4.10926470888e-002
  -1.02657534118e-001-j4.18213318354e-002
  -1.03070997887e-001-j4.27890892340e-002
  -1.02474639507e-001-j4.35085502338e-002
  -1.01680210362e-001-j4.41808451205e-002
  -1.02798147490e-001-j4.42493581737e-002
  -1.04508372515e-001-j4.41310988318e-002
  -1.04269678572e-001-j4.35031873202e-002
  -1.03126980860e-001-j4.26391750777e-002
  -1.02422616751e-001-j4.07244107779e-002
  -1.02015604959e-001-j3.80948813522e-002
  -1.02609241743e-001-j3.71653288536e-002
  -1.04185978818e-001-j3.79147694674e-002
  -1.05536108272e-001-j3.83792998313e-002
  -1.06553713614e-001-j3.84237651019e-002
  -1.07365793356e-001-j3.88085357194e-002
  -1.07690232931e-001-j4.00037772985e-002
  -1.07968233908e-001-j4.05080476908e-002
  -1.08031211673e-001-j3.78785607819e-002
  -1.08041968797e-001-j3.54578052006e-002
  -1.07163812255e-001-j3.65182093556e-002
  -1.06288737417e-001-j3.75805874688e-002
  -1.05270265432e-001-j3.71197998896e-002
  -1.04238385006e-001-j3.65429906468e-002
  -1.04538631984e-001-j3.59317374850e-002
  -1.05188953439e-001-j3.53112975112e-002
  -1.05563295988e-001-j3.46572841446e-002
  -1.05787701345e-001-j3.39847108170e-002
  -1.06293529353e-001-j3.31449756100e-002
  -1.07085051776e-001-j3.21362894210e-002
  -1.07463004132e-001-j3.13731144583e-002
  -1.07029966825e-001-j3.10904828198e-002
  -1.06676363610e-001-j3.10913530587e-002
  -1.06708885711e-001-j3.24517956464e-002
  -1.06744030514e-001-j3.38103651409e-002
  -1.08301174842e-001-j3.21090856280e-002
  -1.09864051580e-001-j3.04064111455e-002
  -1.09918252386e-001-j3.02564722956e-002
  -1.09636723904e-001-j3.04518389103e-002
  -1.08274360233e-001-j3.09231044328e-002
  -1.06277123502e-001-j3.15624704026e-002
  -1.05092069922e-001-j3.19734557448e-002
  -1.04964974168e-001-j3.20792467633e-002
  -1.05129831214e-001-j3.16046243312e-002
  -1.06270143842e-001-j2.91969204605e-002
  -1.07380273868e-001-j2.68719066206e-002
  -1.06723522235e-001-j2.86007971776e-002
  -1.06072654196e-001-j3.03295717357e-002
  -1.07212710960e-001-j3.00586724369e-002
  -1.08793903896e-001-j2.92965736830e-002
  -1.09534409601e-001-j2.77735149614e-002
  -1.09658237026e-001-j2.56865702053e-002
  -1.09765162540e-001-j2.47449928251e-002
  -1.09838337173e-001-j2.60031920693e-002
  -1.09896800290e-001-j2.70580617070e-002
  -1.09807030827e-001-j2.63368648272e-002
  -1.09716776184e-001-j2.56150773719e-002
  -1.09028020655e-001-j2.61063357534e-002
  -1.08237975652e-001-j2.68077953395e-002
  -1.08114037512e-001-j2.61240599100e-002
  -1.08440036052e-001-j2.45027891020e-002
  -1.09025384666e-001-j2.34102508251e-002
  -1.10127127477e-001-j2.33804865478e-002
  -1.11108435129e-001-j2.33333536086e-002
  -1.10257824031e-001-j2.30171831906e-002
  -1.09405756229e-001-j2.27020536097e-002
  -1.09779049545e-001-j2.27109005768e-002
  -1.10494109839e-001-j2.28097278878e-002
  -1.11006095023e-001-j2.27396708888e-002
  -1.11310812569e-001-j2.24971286126e-002
  -1.11307834798e-001-j2.20005908320e-002
  -1.10068147735e-001-j2.04843085749e-002
  -1.08823444592e-001-j1.89653736323e-002
  -1.09893946405e-001-j1.84389268369e-002
  -1.11231134778e-001-j1.80281615524e-002
  -1.10295107649e-001-j1.82924831260e-002
  -1.07753000335e-001-j1.90424789588e-002
  -1.06394898468e-001-j1.96732824398e-002
  -1.08279189340e-001-j1.99502241903e-002
  -1.10160098836e-001-j2.02282571000e-002
  -1.10126446935e-001-j1.91498325385e-002
  -1.09972035628e-001-j1.79844731205e-002
  -1.10633985407e-001-j1.70368151048e-002
  -1.11826670129e-001-j1.62320928635e-002
  -1.12367643609e-001-j1.59082630450e-002
  -1.11091779023e-001-j1.69249816794e-002
  -1.09819062870e-001-j1.79456732789e-002
  -1.09596586498e-001-j1.65173532127e-002
  -1.09473311872e-001-j1.48540195521e-002
  -1.09622774128e-001-j1.42831884588e-002
  -1.09990743435e-001-j1.45892631353e-002
  -1.10171027782e-001-j1.46094020831e-002
  -1.09543217089e-001-j1.34010692110e-002
  -1.08913313671e-001-j1.21908525088e-002
  -1.09703390317e-001-j1.15411720039e-002
  -1.10817885723e-001-j1.10204062173e-002
  -1.11769209026e-001-j1.17909035532e-002
  -1.12507445788e-001-j1.42545722771e-002
  -1.13179648177e-001-j1.65458984265e-002
  -1.12236903438e-001-j1.50003863684e-002
  -1.11290504408e-001-j1.34516632832e-002
  -1.11293430387e-001-j1.20751933075e-002
  -1.11828421567e-001-j1.07951351489e-002
  -1.12043081108e-001-j9.89486810584e-003
  -1.11210264712e-001-j1.02363746635e-002
  -1.10377810350e-001-j1.05797942170e-002
  -1.11963163943e-001-j1.03376484759e-002
  -1.14079230318e-001-j9.96994371554e-003
  -1.15170319849e-001-j9.28985704851e-003
  -1.14699259895e-001-j8.12718223330e-003
  -1.14226672902e-001-j6.96267396184e-003
  -1.13466391246e-001-j7.54083331326e-003
  -1.12696868270e-001-j8.18544905421e-003
  -1.12219724763e-001-j8.30833415830e-003
  -1.12006694230e-001-j7.95629071302e-003
  -1.11810495983e-001-j7.56115301939e-003
  -1.11825561218e-001-j6.64004596509e-003
  -1.11840421498e-001-j5.71785875189e-003
  -1.12002422187e-001-j5.22026229934e-003
  -1.12255018924e-001-j4.98437430765e-003
  -1.12274090648e-001-j4.76130581030e-003
  -1.11007774487e-001-j4.61116823523e-003
  -1.09739425414e-001-j4.46368767245e-003
  -1.10445253264e-001-j4.40606655479e-003
  -1.12078044814e-001-j4.39111850184e-003
  -1.13316806793e-001-j4.07923653879e-003
  -1.12968507750e-001-j2.55932857103e-003
  -1.12619214318e-001-j1.03618082492e-003
  -1.11896837619e-001-j1.28954896984e-003
  -1.11023198897e-001-j2.27882549474e-003
  -1.10584615932e-001-j3.04925276545e-003
  -1.11783284355e-001-j2.98420059905e-003
  -1.12981095821e-001-j2.91976739757e-003
  -1.12393260847e-001-j2.47180114761e-003
  -1.11042325933e-001-j1.86170381260e-003
  -1.10190208557e-001-j1.42407075566e-003
  -1.11543802253e-001-j1.73804912703e-003
  -1.12895532845e-001-j2.05212450827e-003
  -1.13033093125e-001-j6.26558824371e-004
  -1.12547437317e-001+j1.69829168470e-003
  -1.12196903822e-001+j3.70702878210e-003
  -1.12775075100e-001+j3.50569909942e-003
  -1.13353002120e-001+j3.30472039499e-003
  -1.13446875813e-001+j3.02597127408e-003
  -1.13198943983e-001+j2.69177191253e-003
  -1.12946905729e-001+j2.41932880670e-003
  -1.12569401706e-001+j3.84756852780e-003
  -1.12190715838e-001+j5.27878409146e-003
  -1.11858534288e-001+j6.38714478384e-003
  -1.11577876893e-001+j7.13823036728e-003
  -1.11296328000e-001+j7.89010592085e-003
  -1.10623525708e-001+j7.86760271449e-003
  -1.09910893920e-001+j7.76539188361e-003
  -1.09660889492e-001+j7.46855952382e-003
  -1.10344458612e-001+j6.78223898646e-003
  -1.11027667497e-001+j6.09717613057e-003
  -1.11405381024e-001+j6.87621739200e-003
  -1.11679895978e-001+j8.15524370165e-003
  -1.11969233464e-001+j9.25984460012e-003
  -1.12336807479e-001+j9.37930733388e-003
  -1.12704319535e-001+j9.49892944226e-003
  -1.12223059320e-001+j1.02290959471e-002
  -1.11039412281e-001+j1.14630521778e-002
  -1.09850984995e-001+j1.26986368848e-002
  -1.10363834767e-001+j1.19783498924e-002
  -1.10992207673e-001+j1.11268587545e-002
  -1.10881341995e-001+j1.07765354025e-002
  -1.09163011936e-001+j1.15089698124e-002
  -1.07438695472e-001+j1.22390933665e-002
  -1.07620595780e-001+j1.31587001315e-002
  -1.08679754208e-001+j1.41653770647e-002
  -1.09724643726e-001+j1.51360489913e-002
  -1.10444708136e-001+j1.53854439158e-002
  -1.11164735763e-001+j1.56347371442e-002
  -1.11655330775e-001+j1.55724675203e-002
  -1.11800664998e-001+j1.50412525936e-002
  -1.11946505901e-001+j1.45105019199e-002
  -1.11623755297e-001+j1.43213655054e-002
  -1.11137873013e-001+j1.42501828453e-002
  -1.10636728743e-001+j1.42731796089e-002
  -1.09951087415e-001+j1.54491466802e-002
  -1.09262961875e-001+j1.66271452473e-002
  -1.09297442910e-001+j1.71964502376e-002
  -1.10412897375e-001+j1.68546500029e-002
  -1.11527065838e-001+j1.65130525874e-002
  -1.10783976417e-001+j1.73467277559e-002
  -1.09302361645e-001+j1.86455224770e-002
  -1.07856171716e-001+j1.99371051704e-002
  -1.08143079235e-001+j2.08741664980e-002
  -1.08430450922e-001+j2.18122663522e-002
  -1.08996438051e-001+j2.21529430814e-002
  -1.10149226229e-001+j2.12303676520e-002
  -1.11300133422e-001+j2.03097459354e-002
  -1.11424279750e-001+j2.06365986604e-002
  -1.10889844573e-001+j2.17635086110e-002
  -1.10353536310e-001+j2.28923875130e-002
  -1.10012327933e-001+j2.35573408687e-002
  -1.09694863403e-001+j2.41644302089e-002
  -1.09241471888e-001+j2.46441745282e-002
  -1.08069397088e-001+j2.44424089720e-002
  -1.06896696831e-001+j2.42375238686e-002
  -1.06549704191e-001+j2.42697641721e-002
  -1.07349672339e-001+j2.46344216497e-002
  -1.08149789059e-001+j2.49988277999e-002
  -1.08682254864e-001+j2.52233502825e-002
  -1.09082733956e-001+j2.53791388241e-002
  -1.09483187336e-001+j2.55350781138e-002
  -1.08337721890e-001+j2.50015439707e-002
  -1.07043346148e-001+j2.43971283370e-002
  -1.05940655393e-001+j2.38912820997e-002
  -1.05972091748e-001+j2.39949548389e-002
  -1.06003424182e-001+j2.40987052714e-002
  -1.06105060820e-001+j2.49223969907e-002
  -1.06330042448e-001+j2.69923043629e-002
  -1.06557744323e-001+j2.90674962661e-002
  -1.07361706993e-001+j2.93027901933e-002
  -1.08579353076e-001+j2.82064057043e-002
  -1.09794732912e-001+j2.71126411123e-002
  -1.09357054708e-001+j2.71405166869e-002
  -1.08463082100e-001+j2.74757262233e-002
  -1.07567232375e-001+j2.78098519682e-002
  -1.07153992313e-001+j3.03050841799e-002
  -1.06751440575e-001+j3.28575411630e-002
  -1.06419335277e-001+j3.49295911401e-002
  -1.06447860089e-001+j3.44942016198e-002
  -1.06476875435e-001+j3.40589886490e-002
  -1.06376991109e-001+j3.33915150108e-002
  -1.06026358422e-001+j3.22701224862e-002
  -1.05678513938e-001+j3.11489112097e-002
  -1.05471644984e-001+j3.11453009669e-002
  -1.05401176470e-001+j3.22421867585e-002
  -1.05330437012e-001+j3.33409773912e-002
  -1.05259197309e-001+j3.46417776111e-002
  -1.05187806746e-001+j3.60484552705e-002
  -1.05116435853e-001+j3.74581640417e-002
  -1.04987717316e-001+j3.73788202660e-002
  -1.04845774150e-001+j3.69411534728e-002
  -1.04704448858e-001+j3.65033657078e-002
  -1.04682694534e-001+j3.74251604591e-002
  -1.04668022789e-001+j3.84310754528e-002
  -1.04596805521e-001+j3.93353517838e-002
  -1.03770715595e-001+j3.88561873748e-002
  -1.02945419624e-001+j3.83749361902e-002
  -1.02422676816e-001+j3.79659641033e-002
  -1.03217194905e-001+j3.78807795695e-002
  -1.04011320434e-001+j3.77956233329e-002
  -1.04154498165e-001+j3.79094272623e-002
  -1.02728443415e-001+j3.85009578956e-002
  -1.01297851810e-001+j3.90906079108e-002
  -1.00684307552e-001+j3.99647950025e-002
  -1.01352306250e-001+j4.12860036370e-002
  -1.02022609081e-001+j4.26084821158e-002
  -1.02389856133e-001+j4.29015813634e-002
  -1.02425137329e-001+j4.20700724110e-002
  -1.02461632796e-001+j4.12392888667e-002
  -1.01935505945e-001+j4.16847760880e-002
  -1.00954872313e-001+j4.31542361073e-002
  -9.99698177109e-002+j4.46272029746e-002
  -1.00349545052e-001+j4.52869701653e-002
  -1.01557311769e-001+j4.54519677054e-002
  -1.02764644575e-001+j4.56159591719e-002
  -1.02141747805e-001+j4.62133872444e-002
  -1.00653920360e-001+j4.70139318501e-002
  -9.91604760089e-002+j4.78133242460e-002
  -9.98051699527e-002+j4.71133427388e-002
  -1.01248592199e-001+j4.58551184142e-002
  -1.02688481514e-001+j4.46001092466e-002
  -1.01652358592e-001+j4.49664860455e-002
  -9.98493677420e-002+j4.58287691828e-002
  -9.80388572196e-002+j4.66890031155e-002
  -9.79892223637e-002+j4.72343719740e-002
  -9.84030772249e-002+j4.76977102997e-002
  -9.88171583693e-002+j4.81613470162e-002
  -9.92387139685e-002+j4.80841969154e-002
  -9.96619631059e-002+j4.78797646500e-002
  -1.00085170727e-001+j4.76756308397e-002
  -1.00260792813e-001+j4.71851691732e-002
  -1.00381150561e-001+j4.66305440889e-002
  -1.00502082088e-001+j4.60763598131e-002
  -9.95095217455e-002+j4.75162312067e-002
  -9.82542956559e-002+j4.94209384651e-002
  -9.69922761834e-002+j5.13318451179e-002
  -9.72770517596e-002+j5.26423546804e-002
  -9.79531764528e-002+j5.38019349278e-002
  -9.86312653465e-002+j5.49624418631e-002
  -9.88293217465e-002+j5.52056775932e-002
  -9.88879874682e-002+j5.51831137266e-002
  -9.89466598724e-002+j5.51606196547e-002
  -9.80680931448e-002+j5.54512635756e-002
  -9.68596134552e-002+j5.58496079082e-002
  -9.56479651627e-002+j5.62461088725e-002
  -9.58313205038e-002+j5.60948968856e-002
  -9.66221938174e-002+j5.57062439585e-002
  -9.74124725859e-002+j5.53180636111e-002
  -9.67372994745e-002+j5.54194289385e-002
  -9.52413839950e-002+j5.57912507818e-002
  -9.37413458930e-002+j5.61600154451e-002
  -9.36006218099e-002+j5.73033507623e-002
  -9.44637564481e-002+j5.90185924948e-002
  -9.53313986397e-002+j6.07357534450e-002
  -9.55642061502e-002+j6.11499004074e-002
  -9.51624875674e-002+j6.02636850455e-002
  -9.47628394775e-002+j5.93770505721e-002
  -9.42751250058e-002+j5.93965081437e-002
  -9.36589989159e-002+j6.06978881145e-002
  -9.30403839262e-002+j6.20023273454e-002
  -9.25735501404e-002+j6.28768731271e-002
  -9.24369616257e-002+j6.28231571005e-002
  -9.23003457919e-002+j6.27692957558e-002
  -9.22619830536e-002+j6.27116845849e-002
  -9.25921722359e-002+j6.26406201844e-002
  -9.29223766758e-002+j6.25697546615e-002
  -9.31575530525e-002+j6.26716733373e-002
  -9.24598151339e-002+j6.44679718878e-002
  -9.17590664368e-002+j6.62701543792e-002
  -9.10552843684e-002+j6.80782658593e-002
  -9.17767772136e-002+j6.72443376252e-002
  -9.25508903315e-002+j6.63136366017e-002
  -9.33244000018e-002+j6.53848311866e-002
  -9.18594272926e-002+j6.53250689898e-002
  -8.99148725738e-002+j6.54438653131e-002
  -8.79656562270e-002+j6.55562866021e-002
  -8.76683783989e-002+j6.53683737998e-002
  -8.81682594955e-002+j6.50382025901e-002
  -8.86680486626e-002+j6.47084672260e-002
  -8.91866677020e-002+j6.51439171381e-002
  -8.97244338088e-002+j6.63029424476e-002
  -9.02639198436e-002+j6.74633387253e-002
  -9.01570765614e-002+j6.81743963035e-002
  -8.88073022388e-002+j6.80190250788e-002
  -8.74561600346e-002+j6.78596232561e-002
  -8.62529770973e-002+j6.76703880712e-002
  -8.58304140249e-002+j6.73441287878e-002
  -8.54082557184e-002+j6.70170590127e-002
  -8.49865048184e-002+j6.66891787786e-002
  -8.42288829441e-002+j6.81528740588e-002
  -8.34565219361e-002+j6.96812092590e-002
  -8.26806686788e-002+j7.12138770896e-002
  -8.25310910039e-002+j7.19859083509e-002
  -8.25761411337e-002+j7.25219121969e-002
  -8.26210016421e-002+j7.30585720153e-002
  -8.31095107579e-002+j7.30926376294e-002
  -8.39628745272e-002+j7.27128061374e-002
  -8.48155476608e-002+j7.23333642100e-002
  -8.51508257006e-002+j7.17941029478e-002
  -8.44021901027e-002+j7.09172665227e-002
  -8.36559695537e-002+j7.00386038412e-002
  -8.29937526172e-002+j6.93716164085e-002
  -8.32045561571e-002+j7.09853000458e-002
  -8.34170654504e-002+j7.26028376911e-002
  -8.36312996135e-002+j7.42242510868e-002
  -8.29242214094e-002+j7.50082989000e-002
  -8.20358516893e-002+j7.56295717640e-002
  -8.11446465107e-002+j7.62507312950e-002
  -8.05457084121e-002+j7.69154802251e-002
  -8.01600230003e-002+j7.76127503863e-002
  -7.97730532349e-002+j7.83109413710e-002
  -7.94895199563e-002+j7.87870183119e-002
  -7.94402125876e-002+j7.87635753066e-002
  -7.93908778969e-002+j7.87401126385e-002
  -7.93113274983e-002+j7.87474665886e-002
  -7.81518609821e-002+j7.98559507719e-002
  -7.69871917408e-002+j8.09659456209e-002
  -7.58172836926e-002+j8.20774514196e-002
  -7.59800163729e-002+j8.20835323726e-002
  -7.66247029671e-002+j8.16907206221e-002
  -7.72690983582e-002+j8.12984188217e-002
  -7.74586586403e-002+j8.11721202235e-002
  -7.70476973817e-002+j8.13961877867e-002
  -7.66359611080e-002+j8.16200213271e-002
  -7.62394006419e-002+j8.19579385657e-002
  -7.59633832969e-002+j8.31676042959e-002
  -7.56863697126e-002+j8.43801184125e-002
  -7.54083561388e-002+j8.55954979893e-002
  -7.45907707552e-002+j8.58462766236e-002
  -7.36286586114e-002+j8.58380243453e-002
  -7.26653065262e-002+j8.58276462278e-002
  -7.27554595473e-002+j8.58601644623e-002
  -7.41224361231e-002+j8.59455919202e-002
  -7.54887047037e-002+j8.60295614957e-002
  -7.65408054127e-002+j8.61746148396e-002
  -7.48652325906e-002+j8.68611665686e-002
  -7.31830202061e-002+j8.75452736175e-002
  -7.14941369490e-002+j8.82268966494e-002
  -7.14635917358e-002+j8.81919014982e-002
  -7.20086683747e-002+j8.79096093847e-002
  -7.25536253698e-002+j8.76276768242e-002
  -7.25762744260e-002+j8.78226514518e-002
  -7.17107413892e-002+j8.88271362525e-002
  -7.08416429194e-002+j8.98332226572e-002
  -6.99689566205e-002+j9.08409157225e-002
  -6.93050808349e-002+j9.09501476149e-002
  -6.86428864492e-002+j9.10470245348e-002
  -6.79797030009e-002+j9.11429072594e-002
  -6.78108117981e-002+j9.19978211932e-002
  -6.79830808783e-002+j9.33775236561e-002
  -6.81564306056e-002+j9.47603372001e-002
  -6.82499564716e-002+j9.56836669350e-002
  -6.79915512797e-002+j9.45850928924e-002
  -6.77357421278e-002+j9.34868875000e-002
  -6.74825271606e-002+j9.23890612470e-002
  -6.78307599957e-002+j9.24143169189e-002
  -6.83605161547e-002+j9.27789746148e-002
  -6.88905997947e-002+j9.31438031394e-002
  -6.85271666752e-002+j9.35896588066e-002
  -6.64088266399e-002+j9.41903592324e-002
  -6.42817141073e-002+j9.47858576864e-002
  -6.21457972233e-002+j9.53760775410e-002
  -6.21109409612e-002+j9.47275306210e-002
  -6.23194339664e-002+j9.39375299948e-002
  -6.25287659830e-002+j9.31484619408e-002
  -6.30131246539e-002+j9.30307240337e-002
  -6.38426832945e-002+j9.37543583161e-002
  -6.46735309039e-002+j9.44778954674e-002
  -6.55056741448e-002+j9.52013307264e-002
  -6.42931434780e-002+j9.59358061503e-002
  -6.30309130605e-002+j9.66699427861e-002
  -6.17638008576e-002+j9.74034750603e-002
  -6.09298590203e-002+j9.81775143059e-002
  -6.05286697526e-002+j9.89932881137e-002
  -6.01260127004e-002+j9.98104597137e-002
  -5.97170536780e-002+j1.00613316098e-001
  -5.89426239144e-002+j1.00227550503e-001
  -5.81685610217e-002+j9.98397751125e-002
  -5.73948726720e-002+j9.94499873020e-002
  -5.71270197076e-002+j9.90891123965e-002
  -5.73402489617e-002+j9.87573816294e-002
  -5.75537246304e-002+j9.84259368317e-002
  -5.77674457693e-002+j9.80947782425e-002
</dep>
